9
16
26
57
59
78
80
95
98
123
126
142
169
187
193
196
201
229
236
242
249
259
262
285
291
331
332
332
332
349
362
366
374
394
406
418
423
447
449
452
463
475
511
521
522
522
531
546
551
561
564
585
605
617
632
633
639
643
650
653
682
683
686
693
696
696
703
706
716
721
722
727
755
766
787
806
808
810
814
821
823
825
834
835
836
838
856
862
869
883
920
937
938
946
977
991
994
5000
1015
1022
1062
1062
1070
1088
1092
1095
1103
1109
1119
1128
1144
1156
1156
1163
1167
1171
1203
1204
1227
1238
1247
1254
1272
1272
1283
1288
1288
1314
1362
1379
1384
1386
1401
1414
1418
1425
1426
1428
1465
1470
1493
1519
1525
1527
1564
1584
1596
1597
1599
1609
1611
1611
1628
1635
1650
1660
1663
1669
1669
1670
1681
1682
1687
1726
1731
1750
1750
1759
1783
1784
1793
1801
1830
1830
1858
1863
1873
1883
1885
1889
1894
1901
1904
1909
1934
1935
1952
1957
1959
1962
1967
1968
1969
1970
1973
1974
1986
8005
2017
2031
2044
2069
2070
2075
2079
2082
2101
2114
2121
2138
2150
2163
2168
2178
2187
2191
2191
2208
2217
2218
2221
2229
2234
2234
2237
2237
2240
2249
2265
2314
2327
2333
2335
2345
2348
2367
2379
2384
2385
2394
2402
2406
2429
2433
2439
2442
2447
2461
2473
2474
2493
2505
2510
2514
2525
2534
2536
2541
2562
2562
2564
2568
2589
2590
2594
2607
2635
2655
2679
2683
2686
2697
2707
2713
2728
2728
2731
2740
2752
2756
2765
2781
2787
2792
2800
2801
2808
2814
2827
2840
2891
2921
2928
2939
2949
2952
2952
2955
2955
2983
2990
2997
1005
3010
3016
3023
3027
3034
3048
3063
3074
3078
3083
3089
3102
3127
3129
3157
3172
3178
3195
3199
3201
3211
3211
3220
3224
3238
3240
3243
3244
3254
3268
3270
3276
3279
3284
3288
3291
3316
3324
3332
3341
3365
3379
3390
3418
3436
3438
3471
3478
3484
3495
3495
3536
3541
3564
3567
3589
3591
3615
3639
3644
3652
3671
3680
3688
3703
3734
3744
3749
3752
3799
3803
3811
3818
3819
3820
3844
3850
3855
3862
3870
3908
3921
3923
3929
3937
3953
3956
3979
2000
4006
4009
4010
4010
4024
4024
4043
4047
4055
4063
4073
4080
4106
4110
4114
4120
4131
4132
4188
4192
4193
4194
4206
4208
4218
4223
4239
4290
4296
4337
4348
4362
4370
4375
4376
4379
4383
4389
4397
4429
4443
4482
4483
4490
4497
4511
4516
4517
4518
4518
4518
4519
4521
4526
4527
4548
4551
4552
4553
4597
4598
4601
4601
4603
4610
4614
4623
4626
4638
4670
4685
4699
4706
4726
4728
4735
4746
4763
4809
4830
4842
4895
4900
4908
4915
4929
4931
4932
4934
4935
4940
4948
4960
4967
4993
9003
5051
5056
5058
5092
5097
5101
5107
5108
5135
5155
5158
5161
5175
5204
5207
5208
5224
5227
5231
5239
5259
5261
5262
5267
5277
5286
5286
5289
5292
5297
5302
5303
5309
5314
5317
5341
5363
5366
5372
5377
5388
5403
5415
5430
5445
5458
5478
5487
5488
5490
5493
5498
5498
5514
5531
5532
5533
5539
5541
5575
5577
5598
5617
5625
5631
5635
5665
5685
5698
5746
5753
5775
5781
5784
5796
5801
5813
5837
5839
5860
5867
5892
5913
5923
5931
5931
5952
5955
5959
5978
5992
3001
6003
6013
6022
6027
6028
6039
6047
6048
6049
6055
6080
6095
6096
6104
6109
6115
6123
6125
6138
6153
6161
6162
6184
6223
6271
6283
6287
6295
6305
6309
6314
6324
6364
6365
6365
6374
6376
6377
6390
6399
6402
6408
6413
6421
6429
6445
6480
6483
6490
6505
6514
6514
6540
6546
6564
6568
6587
6588
6606
6609
6616
6623
6626
6627
6630
6654
6659
6660
6663
6679
6680
6701
6719
6720
6740
6741
6743
6748
6755
6757
6769
6783
6793
6799
6808
6821
6822
6845
6851
6854
6858
6861
6871
6873
6885
6889
6932
6936
6944
6944
6959
6961
6979
6980
6997
8010
7014
7028
7028
7034
7046
7061
7079
7105
7143
7144
7154
7164
7173
7217
7227
7241
7251
7284
7290
7302
7316
7317
7319
7333
7341
7359
7360
7365
7370
7376
7377
7378
7387
7404
7419
7421
7426
7428
7430
7447
7486
7516
7516
7524
7527
7540
7541
7541
7551
7562
7573
7597
7601
7621
7623
7648
7650
7651
7686
7689
7702
7703
7717
7725
7743
7754
7766
7766
7770
7786
7788
7792
7794
7798
7820
7828
7830
7843
7860
7866
7873
7911
7931
7972
7977
7982
7989
7992
6008
8015
8016
8036
8042
8065
8067
8069
8076
8122
8130
8137
8150
8157
8172
8200
8215
8222
8235
8249
8250
8251
8257
8266
8266
8266
8271
8274
8293
8299
8308
8323
8340
8350
8359
8364
8405
8413
8414
8415
8422
8426
8429
8434
8436
8438
8440
8452
8455
8468
8478
8489
8500
8502
8505
8507
8514
8537
8541
8551
8552
8563
8564
8566
8568
8573
8575
8577
8580
8607
8609
8615
8619
8622
8630
8662
8683
8689
8692
8692
8703
8707
8709
8751
8753
8760
8776
8781
8784
8785
8792
8811
8837
8846
8852
8853
8867
8869
8874
8930
8930
8932
8933
8933
8937
8938
8944
8947
8952
8962
8962
8964
8970
8993
5002
9005
9009
9012
9034
9042
9044
9056
9058
9061
9069
9083
9097
9101
9118
9130
9147
9161
9163
9170
9177
9180
9188
9206
9209
9218
9220
9225
9235
9240
9275
9280
9284
9285
9290
9293
9297
9302
9307
9308
9311
9313
9325
9332
9341
9344
9373
9410
9417
9422
9434
9452
9460
9466
9473
9482
9483
9493
9504
9510
9532
9535
9546
9549
9573
9573
9574
9603
9624
9667
9672
9673
9675
9675
9693
9694
9698
9704
9713
9719
9721
9736
9737
9757
9757
9770
9772
9791
9816
9827
9830
9865
9893
9907
9912
9931
9945
9947
9950
9969
10015
10027
10028
10058
10061
10066
10082
10085
10085
10087
10090
10100
10100
10106
10135
10162
10164
10172
10180
10181
10198
10198
10218
10231
10236
10251
10264
10285
10293
10298
10309
10336
10338
10340
10349
10364
10401
10406
10424
10430
10438
10442
10451
10473
10497
10504
10513
10530
10531
10532
10545
10551
10557
10570
10586
10600
10603
10617
10630
10638
10651
10664
10682
10695
10700
10703
10704
10716
10724
10734
10742
10744
10745
10753
10755
10756
10774
10777
10808
10813
10844
10864
10872
10873
10879
10903
10904
10915
10936
10945
10946
10965
10970
10971
10972
10980
10985
11009
11014
11049
11064
11064
11073
11090
11097
11105
11115
11131
11133
11147
11171
11184
11198
11207
11240
11241
11257
11263
11271
11276
11295
11312
11360
11371
11371
11385
11400
11413
11428
11434
11436
11449
11456
11471
11481
11598
11605
11619
11619
11623
11625
11626
11626
11628
11630
11635
11637
11650
11666
11671
11701
11733
11744
11749
11755
11755
11758
11761
11775
11777
11787
11794
11797
11798
11801
11802
11803
11807
11809
11816
11817
11823
11824
11830
11837
11839
11853
11862
11874
11895
11895
11908
11916
11926
11929
11937
11938
11940
11943
11944
11950
11955
11958
11975
11977
11991
11993
12028
12036
12042
12046
12057
12061
12065
12081
12088
12102
12103
12110
12116
12129
12134
12150
12170
12187
12188
12189
12207
12230
12231
12264
12275
12278
12300
12328
12330
12351
12367
12382
12396
12427
12449
12455
12464
12501
12522
12537
12564
12565
12584
12589
12596
12607
12617
12620
12620
12634
12636
12645
12650
12652
12657
12663
12676
12682
12693
12696
12714
12720
12733
12774
12776
12780
12789
12809
12809
12820
12830
12831
12862
12871
12883
12913
12921
12941
13014
13017
13022
13028
13052
13070
13070
13083
13086
13090
13093
13109
13173
13175
13185
13187
13191
13193
13204
13212
13220
13222
13230
13230
13234
13234
13234
13260
13270
13270
13270
13278
13308
13322
13331
13337
13341
13344
13355
13365
13368
13390
13413
13424
13449
13455
13472
13475
13479
13486
13487
13496
13513
13538
13543
13558
13590
13630
13649
13652
13678
13679
13693
13698
13710
13713
13714
13717
13733
13756
13759
13775
13790
13792
13794
13795
13799
13809
13812
13815
13817
13834
13847
13861
13876
13888
13891
13893
13898
13908
13927
13933
13937
13943
13946
13957
13959
13960
13972
13977
13989
13998
14000
14013
14015
14016
14028
14043
14062
14063
14071
14081
14101
14127
14136
14138
14163
14165
14170
14196
14198
14199
14203
14204
14210
14221
14226
14260
14310
14319
14324
14326
14331
14342
14346
14352
14353
14371
14388
14389
14402
14412
14414
14415
14431
14437
14441
14447
14457
14465
14479
14482
14482
14499
14521
14531
14540
14551
14563
14627
14637
14654
14666
14694
14695
14698
14714
14717
14718
14719
14720
14726
14733
14735
14741
14749
14755
14775
14777
14783
14812
14829
14832
14832
14834
14845
14846
14847
14862
14865
14870
14874
14890
14902
14906
14909
14921
14922
14922
14923
14928
14929
14936
14955
14962
14965
14965
14965
14971
14974
14977
14980
14995
15003
15007
15033
15054
15059
15067
15071
15081
15102
15109
15113
15117
15120
15128
15132
15135
15147
15153
15155
15188
15191
15204
15205
15216
15216
15218
15243
15252
15257
15261
15265
15266
15281
15290
15292
15312
15319
15323
15324
15339
15348
15356
15368
15371
15383
15386
15395
15408
15413
15417
15425
15429
15436
15450
15455
15458
15458
15484
15488
15489
15500
15511
15535
15547
15565
15568
15582
15617
15619
15620
15628
15630
15643
15644
15665
15682
15687
15689
15698
15710
15723
15739
15759
15761
15768
15769
15776
15823
15830
15856
15863
15881
15899
15902
15907
15922
15930
15937
15940
15948
15955
15969
15973
15989
16012
16016
16025
16029
16064
16069
16072
16112
16130
16137
16156
16157
16161
16166
16175
16194
16199
16211
16218
16220
16226
16229
16235
16237
16242
16251
16255
16258
16260
16263
16268
16276
16307
16315
16318
16330
16335
16352
16353
16357
16360
16369
16371
16372
16387
16392
16423
16435
16444
16456
16464
16472
16479
16486
16488
16527
16538
16545
16551
16555
16556
16560
16588
16610
16610
16637
16637
16648
16655
16703
16705
16709
16711
16711
16724
16725
16738
16742
16750
16755
16768
16778
16790
16835
16837
16863
16872
16880
16895
16897
16905
16907
16927
16933
16939
16943
16945
16952
16991
16992
16998
17006
17009
17015
17021
17021
17029
17042
17045
17068
17075
17082
17085
17088
17116
17121
17142
17149
17153
17153
17164
17164
17175
17181
17187
17201
17204
17236
17238
17252
17261
17261
17267
17304
17311
17329
17335
17336
17341
17345
17348
17353
17360
17392
17396
17400
17405
17405
17453
17491
17497
17501
17501
17512
17519
17519
17520
17520
17532
17537
17539
17559
17574
17575
17577
17623
17653
17655
17668
17670
17676
17682
17693
17694
17695
17705
17722
17750
17764
17764
17795
17801
17808
17814
17824
17824
17832
17834
17837
17854
17859
17869
17871
17871
17891
17911
17913
17926
17927
17948
17968
17985
17991
17994
18001
18001
18004
18017
18020
18024
18030
18034
18043
18048
18060
18064
18094
18115
18128
18130
18136
18153
18158
18162
18189
18192
18209
18238
18239
18246
18246
18257
18268
18276
18276
18276
18278
18282
18291
18298
18301
18306
18306
18311
18334
18336
18348
18356
18356
18367
18380
18388
18389
18402
18414
18417
18428
18428
18453
18453
18461
18469
18494
18502
18521
18551
18553
18553
18555
18569
18571
18590
18622
18622
18624
18630
18648
18650
18675
18679
18692
18706
18713
18738
18747
18750
18760
18765
18771
18783
18790
18794
18796
18797
18808
18823
18829
18846
18856
18867
18873
18885
18887
18896
18906
18950
18972
18985
18989
18994
19001
19002
19006
19010
19015
19037
19042
19058
19060
19065
19066
19070
19073
19088
19090
19102
19107
19114
19117
19120
19128
19138
19140
19142
19146
19156
19160
19163
19167
19179
19185
19187
19191
19191
19223
19225
19241
19243
19263
19265
19269
19282
19300
19330
19335
19345
19382
19395
19402
19406
19411
19416
19417
19429
19433
19440
19448
19456
19457
19462
19463
19466
19479
19479
19488
19501
19507
19519
19523
19528
19565
19579
19586
19589
19597
19604
19642
19645
19649
19677
19684
19686
19688
19692
19705
19728
19732
19735
19756
19758
19759
19759
19766
19766
19773
19778
19789
19802
19803
19828
19840
19850
19853
19860
19863
19875
19875
19876
19883
19903
19903
19923
19928
19931
19938
19943
19944
19963
19971
19977
19987
20005
20035
20039
20057
20072
20075
20080
20083
20091
20093
20093
20095
20105
20119
20132
20139
20151
20154
20155
20172
20175
20195
20196
20222
20225
20228
20231
20251
20275
20284
20301
20313
20327
20342
20343
20352
20357
20361
20364
20378
20382
20387
20387
20403
20431
20443
20449
20464
20472
20475
20485
20496
20507
20521
20526
20534
20548
20553
20569
20570
20597
20635
20647
20672
20672
20680
20702
20703
20706
20724
20730
20757
20770
20773
20791
20801
20818
20820
20827
20835
20837
20840
20853
20858
20880
20885
20885
20902
20906
20924
20924
20936
20941
20952
20963
20966
20969
20972
20983
20984
20987
20987
20994
21014
21026
21033
21053
21065
21071
21072
21078
21078
21103
21134
21155
21166
21173
21191
21211
21235
21239
21239
21244
21247
21251
21266
21285
21300
21307
21310
21321
21355
21356
21356
21376
21389
21403
21410
21411
21427
21430
21447
21460
21469
21475
21478
21497
21517
21521
21522
21527
21546
21547
21566
21567
21587
21597
21610
21613
21635
21639
21668
21677
21697
21703
21705
21721
21724
21740
21746
21751
21751
21761
21799
21799
21800
21813
21821
21857
21861
21865
21869
21871
21872
21873
21875
21875
21887
21907
21907
21908
21919
21921
21923
21923
21929
21935
21949
21961
21967
21981
21982
21993
21995
22019
22026
22034
22050
22056
22071
22074
22080
22090
22101
22111
22126
22129
22135
22144
22149
22176
22179
22186
22190
22208
22212
22214
22216
22217
22222
22265
22269
22279
22282
22284
22286
22290
22292
22304
22306
22319
22320
22327
22338
22353
22379
22386
22396
22398
22399
22403
22410
22423
22435
22448
22461
22462
22464
22474
22479
22488
22513
22533
22546
22548
22548
22552
22561
22561
22567
22576
22582
22587
22587
22592
22596
22612
22622
22626
22634
22678
22680
22690
22699
22712
22717
22722
22734
22741
22749
22751
22767
22782
22784
22786
22798
22805
22808
22815
22815
22824
22844
22857
22893
22909
22914
22920
22921
22924
22933
22941
22941
22945
22968
22976
22979
22990
22993
23010
23011
23013
23023
23023
23024
23030
23036
23038
23052
23067
23075
23079
23085
23101
23102
23113
23119
23143
23177
23195
23198
23207
23211
23224
23233
23245
23248
23253
23253
23276
23302
23311
23314
23318
23326
23333
23342
23345
23349
23376
23376
23398
23398
23403
23415
23426
23478
23496
23508
23510
23523
23566
23568
23570
23578
23585
23615
23620
23641
23642
23653
23661
23664
23672
23677
23704
23711
23711
23717
23726
23726
23730
23748
23752
23753
23755
23773
23774
23779
23784
23787
23790
23828
23830
23837
23845
23864
23872
23931
23940
23957
23978
23982
23995
24007
24011
24013
24029
24032
24035
24041
24052
24052
24059
24070
24088
24089
24099
24099
24106
24109
24123
24137
24142
24158
24171
24180
24187
24194
24210
24223
24228
24250
24253
24258
24271
24273
24285
24294
24296
24300
24318
24322
24341
24342
24354
24369
24373
24373
24375
24382
24382
24383
24391
24409
24435
24498
24512
24512
24515
24522
24555
24566
24576
24590
24609
24612
24617
24650
24676
24706
24708
24710
24717
24732
24734
24735
24736
24749
24755
24757
24773
24777
24783
24784
24795
24809
24810
24819
24822
24823
24848
24859
24881
24895
24900
24911
24917
24924
24949
24950
24950
24984
24988
25012
25018
25033
25035
25059
25064
25068
25072
25077
25081
25084
25111
25115
25122
25141
25149
25179
25179
25190
25193
25207
25227
25252
25299
25317
25320
25339
25341
25345
25360
25364
25368
25368
25376
25386
25388
25392
25393
25396
25412
25416
25421
25423
25428
25451
25473
25487
25487
25488
25490
25498
25518
25572
25585
25604
25631
25651
25657
25661
25664
25666
25673
25673
25684
25687
25704
25715
25726
25727
25730
25765
25782
25800
25811
25816
25830
25834
25852
25864
25879
25884
25887
25911
25913
25930
25955
25978
25982
25987
26029
26037
26041
26076
26077
26079
26086
26095
26101
26107
26128
26137
26144
26146
26148
26149
26152
26156
26156
26164
26166
26166
26173
26175
26205
26214
26220
26220
26248
26267
26273
26274
26281
26284
26329
26332
26343
26356
26361
26361
26369
26380
26386
26390
26392
26408
26420
26424
26441
26444
26451
26479
26480
26489
26506
26518
26524
26531
26537
26538
26556
26571
26588
26588
26604
26610
26612
26622
26632
26634
26643
26644
26648
26656
26660
26662
26668
26675
26679
26686
26689
26693
26701
26705
26720
26760
26760
26767
26769
26776
26784
26788
26791
26807
26813
26838
26848
26851
26853
26859
26876
26886
26900
26914
26916
26928
26937
26947
26950
26952
26953
26965
26966
26972
26978
26994
27008
27010
27017
27019
27021
27021
27023
27035
27039
27053
27054
27077
27080
27081
27082
27103
27116
27119
27125
27125
27132
27133
27134
27165
27166
27175
27189
27230
27235
27248
27268
27286
27299
27317
27327
27337
27340
27341
27342
27346
27358
27372
27372
27376
27383
27383
27405
27420
27425
27433
27448
27449
27464
27470
27472
27475
27485
27491
27497
27521
27532
27540
27579
27591
27593
27596
27600
27603
27610
27618
27654
27667
27675
27683
27684
27689
27699
27700
27718
27720
27720
27733
27733
27738
27756
27764
27771
27774
27791
27793
27794
27798
27800
27802
27803
27812
27825
27834
27837
27840
27843
27850
27863
27866
27870
27888
27891
27892
27894
27896
27910
27913
27913
27927
27931
27938
27950
27973
27978
27987
27988
27989
27993
28033
28034
28054
28058
28060
28076
28096
28108
28112
28127
28127
28140
28177
28181
28194
28200
28211
28218
28221
28246
28266
28279
28294
28298
28300
28306
28319
28325
28336
28339
28342
28367
28374
28383
28385
28390
28394
28402
28413
28421
28429
28434
28465
28468
28476
28486
28493
28514
28562
28587
28594
28628
28630
28637
28670
28671
28673
28679
28692
28701
28705
28707
28708
28712
28721
28727
28739
28746
28769
28773
28774
28781
28784
28785
28829
28835
28837
28850
28850
28854
28856
28857
28858
28869
28870
28901
28919
28952
29027
29036
29037
29104
29106
29106
29106
29109
29111
29113
29125
29141
29193
29196
29210
29226
29240
29260
29293
29309
29324
29343
29366
29383
29390
29438
29456
29462
29467
29470
29482
29505
29510
29514
29555
29570
29581
29582
29598
29605
29609
29616
29630
29642
29674
29689
29693
29693
29694
29696
29706
29706
29712
29713
29715
29748
29754
29762
29769
29771
29773
29781
29786
29813
29814
29814
29838
29848
29851
29862
29865
29866
29888
29902
29906
29913
29915
29918
29930
29938
29940
29977
29979
29996
30001
30003
30013
30029
30033
30075
30076
30079
30083
30083
30113
30140
30169
30171
30186
30188
30221
30246
30247
30267
30269
30277
30278
30279
30291
30297
30310
30311
30312
30313
30317
30320
30344
30350
30351
30351
30359
30362
30366
30372
30378
30383
30388
30395
30419
30440
30446
30447
30455
30467
30510
30510
30513
30525
30543
30548
30561
30590
30597
30597
30604
30607
30616
30634
30643
30661
30663
30687
30689
30700
30711
30711
30715
30715
30721
30732
30746
30755
30775
30785
30808
30809
30826
30835
30841
30856
30856
30861
30872
30888
30891
30894
30905
30915
30917
30933
30937
30942
30949
30949
30957
30962
30979
30988
31001
31001
31044
31070
31072
31084
31087
31111
31119
31129
31138
31144
31149
31153
31155
31174
31212
31218
31221
31230
31233
31255
31264
31281
31282
31293
31309
31316
31323
31328
31330
31344
31347
31350
31354
31365
31365
31393
31395
31454
31473
31480
31487
31495
31514
31526
31530
31554
31556
31559
31564
31569
31571
31589
31591
31594
31607
31608
31614
31619
31627
31627
31632
31634
31635
31665
31667
31674
31682
31702
31703
31730
31734
31748
31755
31757
31795
31798
31801
31804
31829
31833
31843
31862
31869
31873
31895
31901
31908
31915
31919
31933
31934
31936
31943
31944
31953
31959
31961
31972
31997
32005
32006
32025
32034
32038
32053
32065
32068
32069
32079
32091
32097
32098
32100
32100
32104
32122
32155
32175
32177
32182
32185
32193
32201
32202
32207
32223
32231
32243
32244
32247
32253
32294
32298
32309
32334
32372
32453
32454
32465
32473
32477
32478
32481
32495
32508
32521
32522
32527
32539
32555
32562
32575
32580
32607
32622
32637
32649
32656
32670
32676
32699
32702
32717
32740
32743
32745
32747
32762
32764
32769
32776
32790
32829
32844
32846
32853
32860
32884
32893
32894
32906
32916
32951
32973
32994
33003
33010
33011
33016
33019
33019
33022
33022
33027
33038
33045
33050
33068
33074
33088
33089
33119
33135
33138
33143
33152
33161
33163
33164
33173
33176
33185
33191
33228
33233
33235
33256
33267
33270
33306
33309
33323
33335
33348
33370
33371
33381
33381
33393
33395
33402
33417
33422
33440
33449
33457
33458
33461
33479
33483
33486
33492
33513
33520
33528
33560
33564
33591
33594
33594
33599
33617
33617
33629
33638
33654
33661
33662
33680
33690
33702
33707
33708
33713
33728
33738
33739
33764
33770
33771
33775
33777
33785
33816
33828
33829
33833
33850
33863
33877
33880
33881
33930
33937
33937
33939
33939
33951
33962
33981
33998
33999
34040
34045
34053
34054
34055
34062
34068
34070
34074
34080
34129
34129
34133
34141
34155
34173
34174
34178
34189
34192
34193
34199
34201
34203
34215
34225
34232
34281
34284
34284
34288
34291
34309
34317
34327
34349
34369
34370
34376
34376
34380
34395
34404
34419
34437
34437
34443
34453
34456
34459
34475
34489
34499
34501
34506
34520
34525
34526
34535
34560
34566
34567
34575
34576
34582
34588
34629
34637
34652
34652
34656
34658
34669
34685
34688
34693
34697
34698
34706
34740
34745
34761
34774
34791
34798
34801
34802
34824
34841
34845
34853
34855
34856
34856
34882
34890
34896
34912
34928
34937
34944
34945
34946
34953
34989
34997
35033
35036
35037
35047
35048
35082
35108
35119
35126
35128
35146
35156
35207
35221
35222
35243
35256
35271
35276
35288
35296
35307
35309
35331
35367
35386
35395
35423
35440
35440
35441
35443
35443
35450
35452
35462
35476
35483
35492
35548
35554
35559
35566
35566
35576
35580
35604
35606
35608
35611
35627
35629
35631
35640
35655
35657
35685
35688
35694
35709
35730
35736
35737
35772
35773
35773
35788
35794
35796
35797
35800
35805
35812
35817
35828
35838
35864
35877
35880
35897
35906
35921
35923
35931
35967
35986
35993
36000
36001
36022
36029
36037
36040
36045
36052
36073
36088
36089
36141
36150
36156
36166
36169
36184
36184
36200
36229
36255
36256
36260
36278
36278
36280
36280
36284
36285
36289
36293
36298
36313
36314
36319
36324
36329
36329
36334
36337
36344
36359
36359
36391
36412
36417
36419
36421
36424
36434
36453
36457
36462
36472
36474
36475
36501
36509
36519
36528
36545
36548
36550
36552
36555
36568
36605
36609
36618
36630
36651
36653
36656
36667
36676
36690
36714
36726
36731
36737
36752
36754
36764
36770
36774
36801
36809
36858
36861
36864
36873
36888
36890
36895
36899
36902
36903
36935
36947
36958
36959
36969
36970
36978
36985
36988
36995
37014
37023
37025
37048
37056
37059
37072
37082
37086
37086
37097
37100
37106
37117
37130
37168
37170
37179
37217
37227
37285
37292
37318
37332
37334
37338
37341
37345
37345
37348
37358
37385
37397
37413
37423
37432
37438
37462
37473
37478
37491
37523
37531
37552
37561
37567
37578
37579
37580
37595
37599
37600
37604
37621
37631
37640
37660
37666
37670
37679
37693
37730
37746
37750
37763
37795
37811
37825
37838
37841
37888
37906
37906
37915
37916
37916
37952
37954
37974
38028
38029
38035
38079
38101
38120
38126
38132
38135
38141
38162
38163
38196
38213
38214
38216
38218
38232
38240
38254
38264
38306
38310
38316
38316
38319
38320
38323
38337
38345
38351
38363
38369
38382
38384
38420
38451
38457
38485
38495
38507
38518
38521
38530
38535
38568
38572
38586
38591
38609
38628
38632
38635
38641
38644
38662
38672
38673
38686
38702
38713
38718
38721
38731
38737
38752
38760
38761
38764
38764
38765
38776
38776
38781
38781
38787
38790
38800
38807
38807
38818
38819
38844
38850
38865
38870
38870
38871
38899
38907
38914
38919
38931
38934
38935
38941
38948
38971
38976
38976
38996
39010
39029
39032
39034
39048
39056
39065
39069
39080
39083
39100
39102
39107
39110
39120
39121
39138
39138
39151
39154
39156
39159
39167
39167
39173
39186
39205
39210
39211
39233
39238
39249
39254
39258
39265
39269
39275
39279
39307
39310
39316
39325
39325
39327
39330
39337
39341
39359
39364
39374
39416
39429
39429
39435
39435
39439
39440
39444
39460
39468
39469
39471
39473
39473
39476
39511
39517
39517
39523
39537
39548
39570
39582
39604
39607
39607
39615
39647
39657
39672
39676
39702
39704
39712
39726
39735
39736
39746
39762
39767
39773
39793
39794
39794
39795
39798
39805
39809
39815
39818
39831
39840
39842
39851
39864
39873
39888
39902
39923
39935
39958
39959
39961
39963
39979
39983
39996
40010
40026
40034
40064
40076
40082
40083
40088
40089
40100
40103
40110
40139
40154
40181
40181
40182
40196
40212
40214
40217
40220
40235
40249
40281
40283
40295
40311
40328
40332
40337
40337
40338
40344
40346
40357
40359
40378
40389
40397
40415
40416
40435
40436
40446
40450
40461
40467
40487
40506
40567
40580
40602
40607
40609
40609
40620
40637
40648
40651
40651
40663
40671
40679
40685
40697
40717
40719
40748
40771
40780
40797
40804
40807
40813
40832
40838
40843
40843
40850
40854
40872
40875
40885
40890
40893
40893
40897
40901
40914
40926
40939
40943
40952
40955
40963
40966
40966
40990
40993
41000
41005
41010
41022
41047
41075
41081
41087
41108
41109
41130
41139
41151
41153
41174
41177
41181
41183
41206
41210
41215
41219
41226
41232
41245
41255
41255
41294
41296
41304
41313
41333
41355
41356
41358
41369
41375
41380
41382
41397
41405
41409
41415
41441
41458
41461
41465
41471
41474
41475
41491
41519
41540
41561
41603
41607
41610
41630
41644
41644
41651
41671
41687
41691
41693
41699
41699
41716
41720
41729
41738
41754
41756
41758
41761
41795
41796
41813
41852
41867
41869
41883
41884
41887
41894
41913
41925
41932
41946
41949
41959
41966
41969
41971
41977
41977
41978
41989
42001
42006
42011
42018
42024
42046
42049
42049
42055
42077
42098
42098
42112
42113
42121
42122
42129
42134
42140
42143
42144
42146
42168
42168
42186
42201
42203
42205
42205
42208
42221
42227
42229
42234
42242
42249
42253
42256
42257
42269
42274
42277
42285
42286
42288
42290
42294
42296
42300
42303
42309
42337
42340
42341
42343
42343
42354
42361
42362
42368
42376
42384
42386
42394
42395
42421
42423
42429
42440
42446
42458
42466
42469
42498
42513
42524
42528
42534
42562
42571
42580
42582
42591
42592
42593
42606
42609
42622
42634
42637
42640
42648
42653
42688
42691
42727
42738
42741
42746
42753
42787
42788
42790
42793
42820
42834
42848
42854
42857
42860
42882
42907
42909
42929
42939
42943
42966
42975
42985
42993
43026
43027
43052
43061
43069
43071
43087
43098
43099
43108
43120
43120
43138
43160
43169
43191
43196
43206
43207
43213
43216
43221
43231
43235
43259
43261
43263
43270
43271
43277
43300
43319
43361
43376
43384
43385
43387
43412
43439
43441
43446
43446
43468
43470
43471
43494
43497
43502
43540
43557
43585
43609
43613
43617
43636
43668
43672
43677
43680
43706
43719
43730
43742
43744
43746
43756
43773
43777
43778
43785
43812
43834
43835
43837
43857
43885
43888
43889
43898
43900
43905
43912
43925
43943
43947
43948
43956
43956
43967
43967
43986
44010
44011
44016
44026
44045
44051
44062
44071
44071
44072
44082
44082
44087
44116
44119
44144
44148
44158
44168
44170
44188
44202
44207
44226
44230
44233
44244
44266
44292
44297
44301
44307
44325
44344
44345
44346
44361
44364
44380
44384
44384
44385
44394
44401
44414
44416
44421
44424
44435
44437
44445
44455
44457
44470
44488
44499
44506
44512
44514
44519
44521
44525
44530
44532
44544
44564
44566
44570
44572
44587
44604
44607
44608
44635
44642
44642
44651
44652
44657
44657
44660
44662
44675
44677
44686
44705
44716
44719
44721
44725
44732
44733
44734
44743
44746
44747
44783
44783
44788
44796
44812
44827
44838
44851
44876
44878
44879
44879
44881
44901
44910
44914
44924
44935
44939
44946
44949
44970
44998
45037
45048
45056
45059
45076
45105
45106
45111
45114
45115
45118
45125
45127
45132
45136
45146
45146
45151
45159
45163
45165
45169
45176
45181
45184
45189
45195
45199
45206
45206
45208
45229
45237
45238
45246
45267
45267
45267
45270
45292
45300
45309
45316
45320
45326
45342
45343
45352
45361
45361
45371
45406
45411
45421
45443
45457
45468
45480
45511
45520
45520
45521
45531
45540
45547
45548
45565
45582
45639
45644
45646
45647
45649
45650
45651
45657
45657
45662
45664
45667
45668
45670
45675
45676
45690
45697
45703
45711
45723
45754
45754
45768
45769
45772
45775
45782
45786
45795
45796
45803
45810
45831
45851
45858
45872
45877
45898
45916
45927
45932
45936
45941
45946
45948
45954
45956
45980
45984
46002
46003
46003
46024
46037
46045
46054
46065
46066
46113
46124
46144
46148
46167
46181
46187
46190
46206
46240
46290
46291
46292
46296
46324
46326
46337
46339
46344
46359
46367
46383
46386
46402
46405
46410
46413
46415
46420
46443
46443
46448
46451
46456
46458
46481
46481
46496
46536
46539
46544
46553
46561
46562
46563
46564
46564
46565
46569
46583
46617
46618
46620
46625
46635
46650
46666
46685
46692
46693
46696
46724
46746
46775
46779
46779
46781
46799
46801
46801
46810
46810
46810
46817
46818
46824
46849
46860
46862
46875
46875
46887
46911
46911
46915
46929
46940
46946
46947
46964
46981
46987
46996
47026
47034
47044
47084
47103
47127
47133
47139
47141
47143
47164
47173
47175
47178
47179
47179
47188
47192
47193
47200
47210
47211
47216
47218
47222
47230
47251
47257
47257
47274
47295
47306
47312
47325
47339
47340
47362
47385
47391
47393
47413
47413
47416
47417
47435
47441
47453
47479
47483
47501
47521
47537
47542
47555
47559
47562
47575
47603
47614
47619
47648
47655
47657
47660
47668
47678
47683
47696
47697
47708
47731
47732
47739
47749
47749
47753
47758
47771
47799
47810
47811
47821
47825
47838
47850
47861
47862
47872
47873
47873
47892
47903
47908
47917
47947
47949
47958
47959
47970
47976
47983
47987
47988
48005
48009
48019
48024
48028
48037
48038
48046
48049
48050
48067
48072
48077
48101
48119
48123
48140
48158
48166
48169
48177
48205
48208
48221
48229
48237
48248
48249
48291
48304
48313
48332
48333
48339
48364
48376
48406
48420
48436
48439
48446
48453
48454
48461
48461
48464
48479
48480
48484
48491
48498
48502
48508
48523
48533
48538
48553
48554
48568
48585
48585
48587
48602
48605
48608
48623
48646
48652
48658
48693
48695
48699
48703
48720
48741
48743
48754
48757
48758
48759
48764
48772
48792
48810
48833
48840
48841
48842
48842
48866
48870
48873
48878
48881
48886
48893
48896
48904
48906
48916
48932
48944
48945
48949
48949
48973
49020
49030
49031
49034
49039
49064
49066
49074
49077
49085
49096
49099
49104
49110
49110
49117
49139
49145
49146
49171
49171
49172
49203
49216
49224
49230
49246
49251
49255
49259
49267
49279
49280
49280
49286
49291
49298
49299
49317
49329
49335
49339
49344
49345
49348
49351
49366
49372
49373
49381
49385
49398
49404
49410
49411
49414
49444
49449
49462
49463
49467
49486
49505
49512
49512
49512
49553
49556
49594
49611
49613
49626
49626
49643
49650
49652
49659
49677
49684
49703
49705
49706
49720
49738
49764
49771
49809
49825
49828
49867
49870
49879
49891
49898
49898
49905
49913
49932
49936
49953
49957
49961
49972
49988
50007
50021
50037
50041
50047
50086
50098
50110
50114
50115
50117
50135
50138
50149
50150
50163
50179
50181
50192
50202
50205
50222
50248
50268
50283
50309
50313
50321
50338
50338
50348
50354
50362
50364
50369
50376
50379
50395
50398
50407
50409
50413
50427
50432
50436
50452
50453
50468
50478
50487
50502
50503
50506
50508
50509
50558
50602
50621
50630
50649
50652
50660
50669
50680
50681
50688
50691
50691
50697
50705
50712
50724
50724
50731
50732
50739
50743
50781
50786
50792
50793
50805
50806
50826
50836
50856
50870
50872
50877
50882
50889
50914
50925
50938
50947
50956
50974
50978
50990
50993
51012
51012
51013
51015
51019
51032
51046
51046
51049
51061
51074
51077
51087
51103
51107
51151
51171
51197
51203
51214
51226
51228
51229
51259
51260
51273
51279
51282
51290
51317
51327
51333
51345
51348
51348
51350
51352
51357
51380
51381
51401
51423
51430
51437
51486
51504
51507
51507
51521
51526
51526
51544
51566
51567
51571
51587
51601
51608
51617
51622
51639
51671
51682
51691
51694
51716
51725
51731
51758
51759
51761
51762
51778
51802
51812
51818
51830
51847
51854
51855
51860
51862
51871
51889
51893
51903
51918
51931
51935
51956
51970
51974
51994
51999
52012
52021
52034
52059
52106
52107
52111
52150
52156
52175
52176
52182
52220
52236
52260
52274
52282
52292
52307
52317
52337
52339
52339
52346
52349
52363
52371
52376
52385
52385
52391
52406
52449
52490
52496
52498
52527
52536
52539
52583
52584
52598
52600
52608
52614
52617
52630
52633
52637
52649
52673
52693
52700
52703
52703
52712
52713
52723
52723
52727
52735
52739
52756
52765
52766
52771
52777
52779
52797
52799
52805
52807
52844
52847
52855
52860
52873
52881
52893
52897
52910
52921
52921
52924
52945
52951
52953
52964
52965
52968
52974
52992
52995
53020
53026
53040
53054
53074
53079
53085
53094
53105
53108
53113
53122
53155
53173
53176
53179
53181
53185
53192
53199
53232
53244
53249
53251
53261
53272
53300
53301
53304
53317
53327
53341
53357
53369
53373
53381
53397
53403
53410
53410
53420
53427
53441
53447
53454
53464
53477
53480
53490
53505
53511
53521
53534
53550
53566
53593
53594
53595
53615
53616
53626
53655
53655
53664
53675
53678
53679
53714
53717
53729
53731
53760
53777
53778
53782
53822
53831
53834
53854
53858
53860
53860
53864
53865
53866
53877
53880
53886
53904
53907
53915
53915
53928
53942
53944
53956
53990
54002
54019
54025
54031
54036
54037
54053
54062
54062
54081
54084
54095
54097
54101
54108
54142
54146
54155
54158
54168
54175
54199
54202
54205
54211
54221
54222
54232
54250
54269
54274
54288
54291
54293
54301
54318
54323
54358
54373
54373
54389
54405
54412
54420
54427
54436
54441
54461
54469
54480
54487
54488
54517
54519
54532
54540
54543
54549
54555
54556
54563
54567
54578
54587
54588
54588
54597
54608
54612
54618
54621
54646
54650
54653
54675
54693
54695
54707
54711
54730
54733
54738
54749
54754
54778
54787
54796
54807
54824
54824
54828
54832
54837
54866
54871
54884
54919
54927
54946
54955
54957
54968
54977
54996
55000
55026
55032
55036
55103
55105
55126
55127
55159
55161
55190
55201
55227
55236
55260
55273
55297
55303
55329
55335
55336
55342
55351
55360
55369
55371
55396
55430
55439
55452
55469
55480
55485
55487
55506
55510
55517
55521
55552
55554
55582
55610
55611
55613
55624
55649
55654
55659
55661
55698
55710
55726
55734
55738
55738
55742
55772
55774
55784
55811
55830
55858
55858
55876
55879
55879
55890
55904
55907
55925
55930
55948
55951
55956
55958
55968
56010
56011
56012
56030
56044
56044
56050
56051
56070
56091
56097
56098
56117
56131
56167
56168
56187
56194
56195
56197
56207
56219
56238
56239
56249
56250
56253
56257
56267
56268
56279
56291
56295
56303
56331
56335
56339
56344
56353
56393
56399
56401
56404
56425
56447
56472
56476
56477
56477
56489
56500
56505
56509
56530
56536
56538
56539
56541
56576
56589
56592
56612
56612
56624
56627
56630
56651
56658
56659
56679
56692
56708
56709
56713
56720
56733
56737
56740
56753
56770
56773
56774
56787
56790
56814
56823
56841
56848
56855
56860
56886
56889
56896
56898
56908
56921
56932
56935
56937
56940
56954
56990
57003
57030
57038
57045
57065
57068
57077
57078
57087
57122
57122
57129
57144
57149
57154
57156
57161
57168
57184
57184
57186
57194
57203
57209
57224
57230
57233
57244
57244
57247
57259
57294
57299
57300
57320
57329
57338
57398
57416
57421
57433
57437
57441
57441
57445
57468
57477
57484
57501
57519
57568
57611
57615
57620
57631
57633
57656
57660
57670
57671
57699
57710
57731
57753
57763
57770
57781
57782
57813
57815
57824
57846
57849
57855
57887
57895
57911
57957
57962
57965
57970
57970
57972
57986
57987
58019
58021
58025
58036
58038
58046
58048
58048
58053
58053
58059
58068
58076
58077
58081
58082
58092
58094
58100
58103
58111
58123
58131
58135
58139
58141
58146
58162
58172
58184
58201
58211
58237
58241
58241
58244
58248
58267
58272
58286
58287
58290
58297
58361
58378
58399
58417
58444
58455
58469
58486
58490
58493
58495
58499
58504
58513
58548
58568
58572
58572
58579
58585
58585
58586
58589
58609
58629
58639
58652
58658
58658
58676
58688
58689
58691
58706
58711
58716
58721
58772
58780
58784
58796
58801
58892
58928
58932
58960
58961
58967
58970
58974
58975
58981
58983
58992
58998
59000
59030
59039
59040
59049
59068
59092
59094
59099
59103
59130
59143
59157
59178
59194
59200
59207
59220
59225
59236
59260
59260
59307
59310
59314
59317
59321
59337
59353
59359
59373
59373
59378
59379
59383
59391
59391
59424
59426
59473
59481
59482
59497
59504
59515
59523
59535
59536
59539
59541
59561
59567
59575
59575
59589
59632
59652
59653
59681
59682
59684
59702
59705
59710
59724
59737
59750
59752
59789
59797
59810
59814
59839
59843
59850
59851
59869
59887
59934
59958
59964
59970
59980
59983
59985
59988
59994
59995
59996
60001
60005
60012
60013
60032
60033
60056
60067
60068
60083
60090
60097
60099
60104
60109
60120
60150
60168
60171
60180
60189
60194
60197
60200
60215
60223
60229
60235
60240
60255
60300
60324
60332
60340
60375
60378
60396
60413
60438
60440
60445
60483
60484
60512
60524
60535
60540
60541
60543
60544
60560
60573
60575
60579
60588
60591
60615
60622
60625
60658
60660
60679
60679
60691
60720
60756
60765
60775
60784
60793
60795
60803
60825
60825
60832
60880
60881
60887
60891
60892
60897
60910
60921
60937
60963
60971
60996
60999
61022
61024
61031
61048
61056
61085
61087
61091
61096
61123
61125
61135
61135
61152
61156
61157
61158
61165
61176
61179
61195
61216
61235
61256
61265
61279
61285
61286
61292
61303
61312
61314
61321
61328
61329
61330
61332
61370
61390
61396
61406
61408
61408
61415
61417
61430
61449
61451
61459
61483
61489
61489
61490
61510
61516
61523
61543
61550
61556
61562
61565
61571
61575
61578
61594
61637
61647
61657
61663
61672
61708
61713
61717
61730
61737
61739
61751
61752
61758
61765
61773
61777
61783
61787
61799
61801
61816
61816
61819
61820
61820
61821
61822
61833
61845
61880
61885
61887
61888
61905
61915
61919
61930
61931
61948
61953
61957
61957
61966
61969
61975
61984
62020
62050
62052
62054
62056
62060
62084
62093
62111
62119
62122
62129
62132
62147
62150
62151
62154
62161
62171
62178
62178
62191
62208
62249
62250
62258
62272
62302
62311
62326
62364
62370
62402
62404
62425
62426
62433
62439
62442
62444
62446
62447
62451
62453
62453
62460
62461
62461
62467
62479
62479
62491
62503
62512
62520
62524
62549
62550
62574
62592
62595
62601
62606
62617
62623
62639
62650
62672
62683
62687
62688
62717
62722
62725
62743
62760
62804
62806
62813
62822
62830
62830
62841
62865
62872
62895
62898
62899
62901
62903
62917
62928
62935
62948
62952
62955
62966
62973
62982
62985
63019
63024
63047
63053
63055
63067
63096
63123
63131
63137
63137
63138
63173
63184
63199
63205
63228
63254
63258
63263
63284
63289
63319
63340
63345
63349
63351
63364
63383
63389
63424
63435
63449
63455
63473
63478
63479
63479
63491
63516
63520
63523
63528
63546
63561
63567
63570
63576
63581
63587
63609
63615
63615
63636
63664
63667
63669
63708
63709
63717
63724
63766
63826
63827
63828
63832
63865
63865
63867
63869
63880
63886
63903
63908
63935
63939
63947
63954
63959
63961
63963
63966
64009
64009
64014
64016
64040
64046
64056
64062
64070
64071
64075
64076
64077
64093
64097
64109
64130
64133
64135
64145
64146
64158
64172
64172
64183
64194
64197
64202
64203
64228
64231
64233
64235
64235
64236
64239
64248
64255
64284
64287
64291
64314
64323
64325
64336
64344
64369
64376
64390
64393
64401
64408
64408
64409
64412
64423
64424
64435
64437
64444
64446
64456
64478
64483
64507
64508
64518
64524
64539
64564
64599
64602
64609
64613
64621
64628
64636
64653
64660
64664
64669
64735
64737
64743
64780
64797
64810
64831
64838
64846
64848
64871
64882
64883
64883
64890
64902
64912
64919
64951
64961
64969
64973
64976
64981
64990
64995
65041
65062
65081
65092
65094
65110
65139
65156
65162
65168
65168
65203
65238
65253
65254
65268
65274
65275
65290
65290
65299
65302
65309
65313
65326
65337
65343
65354
65358
65361
65367
65375
65400
65412
65415
65444
65445
65453
65471
65473
65490
65501
65508
65509
65521
65526
65527
65533
65536
65539
65552
65560
65581
65594
65609
65618
65638
65638
65646
65647
65674
65683
65692
65692
65697
65700
65701
65713
65719
65735
65748
65757
65763
65784
65789
65802
65803
65808
65835
65850
65866
65868
65871
65875
65880
65882
65914
65920
65960
65963
65965
65984
65985
65987
65997
66000
66008
66022
66060
66067
66084
66087
66087
66095
66100
66117
66138
66141
66147
66162
66164
66177
66181
66203
66210
66215
66217
66219
66251
66255
66257
66261
66268
66287
66289
66295
66305
66307
66314
66332
66369
66427
66427
66434
66438
66444
66454
66454
66458
66459
66463
66465
66469
66478
66488
66489
66491
66502
66510
66519
66526
66526
66552
66556
66558
66568
66572
66574
66574
66575
66594
66637
66655
66658
66659
66680
66708
66728
66729
66741
66748
66752
66764
66770
66772
66782
66785
66788
66810
66819
66819
66821
66822
66825
66848
66849
66861
66867
66869
66874
66889
66897
66899
66913
66917
66920
66920
66932
66935
66941
66941
66943
66944
66953
66955
66966
66978
67004
67005
67010
67014
67016
67033
67034
67038
67051
67068
67069
67072
67075
67076
67082
67107
67110
67119
67142
67154
67158
67166
67176
67211
67223
67228
67240
67255
67279
67282
67292
67329
67353
67353
67356
67359
67363
67384
67440
67449
67462
67466
67490
67496
67498
67538
67540
67552
67567
67595
67597
67625
67643
67649
67654
67656
67657
67660
67675
67676
67679
67704
67709
67713
67741
67758
67760
67769
67786
67787
67796
67808
67819
67852
67866
67874
67897
67909
67920
67983
67985
67994
68003
68005
68014
68014
68014
68018
68021
68031
68036
68037
68045
68048
68048
68058
68059
68070
68070
68075
68115
68123
68131
68165
68171
68186
68198
68214
68214
68215
68221
68229
68229
68238
68241
68251
68259
68286
68292
68315
68317
68321
68325
68325
68353
68357
68380
68386
68403
68410
68419
68421
68435
68454
68455
68460
68465
68474
68478
68479
68482
68485
68489
68493
68504
68505
68510
68520
68525
68547
68551
68583
68587
68588
68597
68600
68602
68618
68619
68620
68632
68637
68643
68644
68649
68654
68663
68678
68685
68689
68697
68699
68709
68711
68727
68730
68732
68750
68765
68773
68774
68783
68785
68786
68801
68824
68827
68847
68848
68856
68858
68861
68863
68868
68875
68896
68920
68926
68939
68949
68962
68965
68966
68968
68976
68984
69009
69011
69021
69030
69031
69039
69042
69045
69046
69052
69058
69078
69079
69102
69103
69104
69116
69133
69143
69156
69162
69169
69170
69177
69187
69190
69191
69193
69202
69203
69212
69215
69216
69217
69230
69266
69271
69308
69338
69341
69342
69348
69374
69376
69408
69413
69422
69445
69451
69452
69456
69483
69506
69509
69524
69533
69535
69552
69569
69570
69576
69577
69582
69601
69609
69611
69678
69681
69686
69695
69711
69713
69718
69731
69731
69733
69753
69793
69813
69830
69831
69842
69859
69863
69871
69873
69887
69887
69892
69907
69924
69926
69934
69937
69937
69951
69954
69955
69956
69960
69968
69983
69993
69998
70014
70028
70034
70068
70084
70084
70090
70096
70107
70121
70129
70133
70146
70161
70163
70165
70171
70192
70195
70197
70217
70232
70233
70235
70252
70260
70282
70282
70283
70284
70291
70314
70315
70315
70329
70338
70341
70342
70344
70356
70366
70367
70373
70373
70397
70401
70425
70431
70436
70440
70441
70444
70447
70458
70465
70473
70476
70480
70481
70484
70505
70531
70541
70546
70557
70558
70585
70598
70599
70619
70639
70648
70654
70664
70669
70696
70719
70724
70725
70740
70742
70748
70749
70757
70759
70761
70777
70802
70809
70832
70860
70864
70864
70869
70882
70887
70897
70938
70939
70967
71020
71032
71035
71056
71072
71076
71080
71081
71095
71104
71109
71120
71123
71129
71129
71151
71152
71164
71201
71230
71241
71260
71267
71275
71288
71292
71313
71318
71318
71324
71325
71332
71334
71344
71348
71352
71363
71363
71367
71374
71376
71378
71378
71381
71392
71393
71397
71427
71445
71454
71482
71492
71494
71494
71497
71503
71510
71553
71566
71595
71598
71607
71615
71618
71618
71620
71631
71646
71662
71665
71666
71670
71676
71684
71692
71693
71696
71698
71708
71721
71738
71738
71754
71763
71773
71776
71782
71795
71799
71800
71805
71819
71821
71828
71828
71832
71835
71838
71839
71845
71847
71864
71871
71882
71889
71905
71912
71918
71938
71943
71982
71989
71992
71996
72012
72015
72023
72023
72030
72040
72043
72054
72068
72072
72074
72078
72080
72083
72086
72090
72091
72110
72118
72128
72156
72165
72168
72175
72201
72220
72237
72238
72239
72265
72269
72270
72312
72317
72317
72331
72339
72364
72376
72379
72385
72400
72403
72410
72417
72424
72438
72479
72481
72509
72549
72555
72561
72566
72608
72612
72615
72624
72629
72633
72639
72676
72706
72706
72711
72713
72723
72732
72750
72753
72753
72786
72789
72793
72800
72801
72803
72811
72840
72852
72854
72871
72878
72885
72898
72900
72901
72904
72904
72909
72919
72928
72934
72936
72945
72956
72976
72983
72999
73008
73011
73018
73022
73025
73029
73030
73049
73060
73061
73066
73066
73068
73080
73099
73100
73101
73108
73113
73117
73120
73121
73123
73136
73137
73160
73170
73176
73178
73185
73207
73213
73216
73218
73220
73224
73227
73231
73238
73248
73251
73292
73301
73309
73313
73323
73326
73332
73341
73342
73346
73362
73363
73367
73378
73381
73399
73402
73403
73430
73453
73469
73473
73489
73499
73501
73519
73520
73524
73526
73530
73540
73546
73567
73575
73594
73597
73620
73638
73641
73643
73661
73665
73675
73677
73683
73695
73699
73701
73716
73716
73777
73783
73784
73786
73787
73788
73797
73826
73828
73832
73835
73836
73844
73845
73847
73860
73869
73874
73880
73889
73895
73899
73904
73906
73907
73918
73930
73935
73944
73954
73960
73962
73969
73997
73999
74009
74046
74048
74051
74060
74076
74079
74080
74093
74097
74098
74103
74107
74147
74156
74157
74157
74159
74178
74193
74197
74214
74215
74247
74248
74259
74273
74290
74309
74312
74325
74327
74356
74361
74370
74392
74409
74455
74481
74488
74488
74488
74495
74530
74538
74555
74568
74572
74619
74624
74633
74648
74665
74668
74682
74693
74696
74703
74708
74709
74716
74722
74723
74737
74742
74743
74743
74744
74754
74766
74768
74785
74788
74796
74803
74805
74812
74829
74834
74841
74845
74853
74855
74859
74898
74901
74902
74905
74906
74921
74927
74931
74945
74946
74949
74951
74961
74983
74983
74984
75001
75025
75030
75058
75059
75059
75073
75077
75086
75096
75096
75101
75115
75121
75126
75143
75171
75189
75189
75190
75193
75199
75204
75204
75221
75224
75227
75232
75235
75237
75240
75245
75257
75271
75273
75284
75292
75309
75328
75343
75368
75403
75433
75435
75442
75443
75461
75464
75464
75474
75481
75499
75508
75513
75517
75524
75526
75526
75531
75543
75546
75578
75608
75611
75619
75646
75649
75656
75658
75678
75690
75708
75737
75738
75745
75759
75759
75768
75783
75786
75793
75793
75818
75835
75836
75841
75842
75854
75869
75873
75873
75879
75891
75907
75907
75921
75935
75946
75953
75955
75958
75974
75987
75994
76009
76021
76032
76033
76050
76065
76093
76094
76099
76106
76117
76141
76144
76159
76166
76189
76197
76209
76218
76224
76225
76239
76251
76255
76278
76278
76280
76288
76289
76296
76309
76326
76334
76350
76355
76371
76405
76410
76422
76423
76424
76428
76439
76440
76448
76466
76482
76488
76489
76504
76506
76506
76510
76517
76528
76528
76545
76570
76624
76639
76642
76680
76684
76684
76709
76717
76721
76728
76739
76740
76744
76744
76762
76762
76784
76805
76808
76809
76818
76827
76850
76855
76865
76905
76906
76917
76920
76923
76952
76958
76989
77000
77000
77004
77015
77019
77042
77044
77053
77057
77057
77062
77071
77072
77072
77080
77094
77096
77102
77103
77105
77107
77109
77121
77122
77126
77139
77143
77143
77168
77176
77218
77221
77224
77265
77269
77276
77280
77297
77317
77318
77330
77336
77348
77371
77384
77414
77429
77429
77478
77492
77564
77585
77605
77613
77616
77618
77627
77632
77637
77649
77680
77683
77697
77751
77761
77778
77814
77815
77824
77838
77839
77839
77849
77863
77872
77882
77897
77898
77900
77901
77927
77928
77936
77946
77949
77951
77951
77964
78008
78015
78031
78039
78048
78050
78058
78061
78066
78072
78082
78087
78087
78097
78111
78124
78125
78131
78133
78138
78139
78168
78185
78187
78189
78197
78203
78208
78208
78210
78224
78226
78266
78276
78288
78289
78294
78295
78310
78326
78350
78350
78366
78380
78384
78387
78388
78410
78418
78426
78447
78448
78465
78470
78472
78484
78489
78518
78529
78529
78539
78561
78567
78586
78590
78595
78598
78599
78605
78613
78622
78622
78634
78641
78643
78647
78653
78656
78663
78671
78687
78692
78693
78705
78707
78710
78718
78724
78732
78752
78755
78766
78774
78777
78788
78799
78803
78803
78819
78826
78828
78838
78846
78849
78856
78865
78886
78924
78926
78948
78952
78961
78962
78971
78971
78977
78996
79000
79006
79009
79011
79011
79022
79035
79049
79055
79057
79063
79086
79086
79089
79092
79114
79127
79128
79143
79143
79144
79156
79182
79195
79209
79214
79225
79257
79258
79265
79283
79291
79296
79300
79310
79323
79326
79338
79340
79361
79384
79393
79395
79406
79409
79413
79420
79433
79439
79455
79486
79507
79522
79524
79529
79560
79570
79572
79612
79615
79623
79647
79671
79674
79681
79691
79702
79711
79726
79738
79757
79771
79837
79842
79843
79849
79852
79854
79861
79868
79877
79878
79911
79929
79950
79968
79975
79978
79999
80032
80033
80049
80067
80087
80087
80107
80111
80120
80126
80144
80166
80175
80192
80226
80238
80267
80271
80283
80302
80305
80318
80320
80327
80327
80340
80342
80344
80349
80372
80391
80395
80397
80421
80426
80434
80445
80446
80453
80468
80473
80474
80478
80484
80489
80494
80520
80521
80524
80550
80553
80557
80575
80584
80588
80599
80601
80601
80605
80614
80616
80634
80637
80662
80664
80666
80671
80672
80685
80690
80712
80724
80726
80736
80756
80766
80773
80775
80783
80788
80790
80796
80806
80834
80860
80891
80941
80953
80957
80963
80976
80985
80985
80996
81000
81008
81010
81019
81022
81027
81035
81063
81075
81100
81120
81121
81137
81154
81158
81159
81172
81186
81187
81197
81216
81233
81246
81254
81265
81274
81295
81300
81304
81304
81305
81314
81314
81317
81322
81324
81354
81360
81368
81369
81409
81418
81424
81432
81433
81454
81456
81457
81477
81483
81484
81505
81511
81521
81522
81522
81546
81560
81564
81566
81566
81567
81579
81582
81584
81588
81611
81629
81629
81633
81633
81640
81642
81667
81673
81678
81695
81724
81725
81727
81737
81740
81750
81755
81761
81762
81781
81782
81802
81809
81814
81818
81819
81822
81828
81841
81842
81843
81853
81860
81865
81868
81871
81873
81913
81917
81920
81924
81943
81957
81964
81982
82021
82030
82034
82055
82077
82086
82138
82143
82146
82150
82159
82168
82173
82183
82190
82193
82193
82196
82219
82220
82226
82235
82240
82273
82282
82338
82339
82349
82350
82374
82375
82390
82402
82420
82432
82437
82439
82440
82441
82467
82467
82474
82481
82485
82500
82518
82519
82519
82522
82531
82534
82543
82554
82568
82587
82616
82633
82637
82651
82658
82659
82661
82725
82732
82745
82746
82754
82758
82776
82776
82790
82791
82806
82835
82840
82841
82884
82891
82896
82943
82958
82972
82972
83000
83002
83003
83007
83017
83020
83037
83049
83055
83056
83057
83068
83070
83084
83092
83095
83096
83127
83129
83141
83144
83152
83152
83157
83168
83169
83190
83203
83207
83209
83209
83215
83225
83225
83228
83258
83267
83274
83297
83299
83310
83315
83315
83321
83334
83338
83342
83349
83350
83356
83362
83376
83397
83402
83425
83426
83431
83435
83465
83472
83475
83501
83527
83528
83533
83548
83565
83567
83570
83582
83584
83623
83628
83645
83650
83653
83669
83670
83695
83697
83697
83720
83726
83745
83762
83763
83769
83777
83792
83793
83802
83804
83817
83818
83820
83832
83844
83849
83850
83852
83855
83874
83881
83897
83897
83914
83934
83939
83949
83952
83980
83985
84010
84024
84036
84037
84050
84056
84059
84062
84067
84080
84088
84093
84112
84125
84128
84128
84133
84148
84158
84172
84173
84188
84193
84200
84212
84218
84220
84222
84228
84232
84243
84246
84259
84274
84284
84291
84302
84321
84324
84340
84341
84366
84381
84381
84384
84386
84388
84389
84404
84434
84445
84459
84475
84485
84493
84495
84501
84521
84525
84527
84536
84553
84560
84569
84593
84598
84612
84612
84615
84618
84632
84640
84659
84672
84672
84679
84692
84694
84699
84711
84713
84741
84754
84755
84766
84786
84787
84788
84805
84806
84823
84825
84837
84856
84861
84864
84869
84873
84894
84913
84923
84924
84934
84956
84970
84973
84981
84982
85002
85025
85046
85052
85055
85065
85070
85071
85097
85119
85124
85134
85137
85137
85140
85140
85143
85157
85168
85170
85179
85184
85198
85237
85272
85294
85319
85349
85376
85378
85406
85420
85445
85448
85450
85461
85462
85468
85471
85478
85513
85529
85535
85543
85570
85573
85577
85578
85581
85585
85587
85593
85602
85604
85613
85619
85629
85633
85639
85650
85656
85666
85672
85678
85681
85705
85716
85721
85743
85754
85766
85769
85779
85786
85824
85857
85862
85870
85873
85877
85878
85894
85916
85923
85966
85971
85973
85977
85988
86003
86014
86016
86021
86046
86074
86083
86086
86096
86100
86105
86128
86133
86136
86189
86197
86206
86207
86221
86234
86241
86245
86246
86249
86251
86254
86261
86280
86284
86288
86304
86319
86329
86332
86333
86350
86353
86357
86363
86383
86390
86396
86424
86429
86429
86430
86445
86472
86478
86485
86491
86494
86500
86506
86520
86532
86535
86545
86575
86583
86613
86625
86630
86633
86647
86678
86703
86723
86731
86740
86743
86745
86748
86792
86796
86825
86844
86848
86853
86854
86857
86874
86877
86885
86896
86907
86919
86925
86927
86931
86935
86940
86965
86972
86976
86979
86981
86983
86983
86986
87005
87014
87024
87025
87042
87075
87088
87089
87093
87137
87142
87148
87150
87163
87176
87184
87209
87213
87219
87228
87242
87256
87266
87267
87274
87303
87308
87309
87318
87322
87331
87337
87339
87355
87358
87362
87375
87377
87394
87398
87400
87402
87418
87429
87497
87503
87522
87572
87588
87598
87610
87613
87631
87643
87672
87676
87682
87716
87732
87738
87754
87759
87769
87771
87772
87773
87796
87808
87818
87824
87833
87838
87838
87838
87855
87856
87859
87863
87865
87868
87872
87880
87881
87882
87882
87889
87986
87988
87996
87999
88001
88010
88014
88044
88058
88065
88067
88072
88087
88124
88124
88136
88146
88157
88162
88172
88175
88195
88201
88202
88208
88225
88239
88245
88247
88265
88270
88271
88272
88286
88290
88294
88318
88320
88321
88328
88335
88342
88346
88357
88361
88362
88384
88392
88404
88409
88410
88415
88443
88455
88464
88467
88479
88481
88527
88543
88548
88575
88579
88584
88590
88592
88616
88625
88637
88655
88670
88687
88687
88704
88710
88726
88733
88738
88744
88748
88752
88762
88774
88812
88837
88853
88862
88871
88877
88892
88893
88917
88938
88939
88940
88942
88946
88951
88955
88966
88973
88977
88996
89016
89030
89037
89045
89048
89063
89091
89105
89111
89123
89124
89127
89144
89148
89150
89153
89154
89160
89160
89163
89178
89180
89181
89186
89205
89221
89229
89232
89248
89249
89281
89296
89330
89343
89355
89372
89379
89388
89389
89410
89415
89428
89442
89448
89486
89491
89492
89495
89505
89508
89508
89510
89520
89529
89538
89544
89554
89563
89578
89585
89609
89611
89645
89650
89651
89653
89663
89663
89671
89685
89690
89702
89709
89738
89742
89758
89762
89763
89765
89779
89803
89822
89831
89832
89861
89866
89887
89902
89906
89909
89937
89939
89960
89971
89981
89983
89990
89997
90007
90012
90015
90022
90029
90045
90049
90057
90071
90076
90110
90131
90138
90141
90144
90145
90150
90158
90192
90193
90195
90195
90197
90218
90222
90228
90238
90244
90265
90285
90290
90291
90299
90303
90310
90311
90315
90325
90334
90363
90366
90366
90368
90375
90387
90388
90390
90396
90415
90437
90486
90487
90492
90509
90509
90529
90545
90567
90567
90585
90591
90598
90602
90607
90615
90621
90621
90622
90635
90641
90645
90667
90668
90676
90690
90705
90707
90710
90732
90755
90778
90779
90806
90806
90825
90839
90854
90893
90896
90929
90931
90937
90970
90973
91009
91031
91032
91048
91050
91055
91060
91072
91075
91080
91081
91083
91104
91133
91152
91157
91160
91176
91203
91208
91209
91227
91235
91242
91251
91253
91253
91254
91269
91292
91315
91332
91334
91362
91363
91368
91391
91391
91407
91429
91462
91485
91504
91512
91512
91516
91520
91527
91544
91569
91578
91579
91587
91591
91608
91615
91624
91636
91647
91670
91671
91672
91700
91704
91707
91736
91740
91760
91769
91783
91792
91797
91810
91812
91840
91849
91853
91853
91854
91856
91866
91890
91892
91899
91903
91917
91917
91928
91933
91949
91988
91999
92006
92008
92017
92031
92033
92057
92099
92100
92104
92120
92121
92131
92163
92195
92207
92209
92215
92223
92224
92241
92246
92246
92249
92249
92251
92262
92272
92277
92278
92286
92289
92292
92318
92320
92334
92359
92368
92378
92378
92380
92390
92417
92430
92437
92438
92438
92444
92447
92457
92483
92487
92545
92562
92570
92575
92610
92623
92636
92660
92660
92664
92675
92699
92704
92705
92706
92710
92717
92732
92733
92759
92777
92782
92797
92802
92802
92819
92823
92861
92868
92880
92900
92910
92932
92953
92979
92984
92985
92995
93030
93042
93058
93069
93077
93128
93136
93137
93141
93169
93171
93172
93178
93179
93183
93199
93201
93213
93269
93270
93272
93274
93306
93322
93339
93351
93357
93388
93392
93399
93419
93423
93459
93474
93480
93506
93518
93526
93528
93536
93545
93567
93574
93581
93585
93630
93651
93664
93665
93670
93680
93681
93688
93692
93693
93725
93728
93738
93745
93789
93792
93798
93799
93810
93812
93819
93824
93828
93830
93834
93841
93846
93849
93872
93874
93900
93906
93908
93918
93919
93919
93928
93949
93954
93977
93994
94001
94002
94011
94012
94021
94025
94027
94034
94035
94040
94041
94067
94104
94123
94128
94136
94152
94154
94176
94178
94182
94183
94196
94203
94222
94233
94268
94275
94278
94298
94312
94320
94344
94363
94364
94388
94390
94397
94398
94400
94406
94415
94419
94431
94434
94439
94451
94481
94485
94496
94518
94527
94532
94538
94550
94563
94579
94589
94635
94651
94653
94662
94671
94674
94693
94722
94727
94731
94742
94745
94749
94751
94780
94806
94818
94822
94835
94841
94850
94860
94886
94904
94909
94925
94932
94950
94968
94995
94996
94997
95008
95009
95015
95022
95036
95043
95050
95050
95051
95068
95086
95086
95092
95111
95146
95147
95163
95171
95179
95190
95193
95194
95214
95240
95250
95266
95279
95286
95295
95304
95317
95323
95337
95344
95353
95357
95358
95364
95373
95374
95380
95385
95391
95395
95398
95402
95408
95433
95459
95479
95486
95489
95494
95498
95505
95506
95509
95510
95529
95538
95577
95580
95591
95625
95631
95660
95662
95672
95676
95715
95722
95728
95734
95766
95782
95801
95810
95816
95824
95833
95846
95861
95876
95876
95891
95901
95906
95917
95940
95947
95950
95950
95951
95972
95980
95987
96002
96005
96021
96022
96033
96034
96053
96053
96055
96066
96080
96081
96101
96104
96106
96121
96128
96129
96142
96143
96154
96168
96170
96174
96175
96179
96205
96214
96226
96238
96241
96242
96244
96246
96262
96280
96285
96288
96289
96309
96310
96339
96353
96376
96399
96406
96418
96427
96439
96456
96459
96473
96485
96491
96515
96519
96563
96589
96590
96597
96599
96609
96623
96634
96636
96637
96654
96664
96668
96670
96679
96687
96687
96690
96695
96706
96715
96727
96730
96732
96736
96741
96744
96755
96777
96783
96795
96806
96819
96847
96854
96861
96865
96869
96871
96876
96893
96899
96908
96910
96910
96935
96945
96945
96946
96964
96965
96970
96971
96975
96981
96988
96988
97013
97021
97030
97038
97069
97082
97091
97101
97104
97121
97129
97130
97130
97136
97147
97209
97209
97213
97215
97236
97246
97250
97260
97262
97279
97281
97287
97291
97293
97298
97300
97300
97307
97309
97318
97329
97331
97332
97357
97361
97364
97366
97371
97372
97379
97383
97385
97394
97395
97399
97403
97407
97411
97417
97418
97442
97446
97451
97453
97460
97479
97506
97516
97535
97542
97575
97595
97596
97600
97601
97616
97618
97631
97673
97681
97688
97690
97700
97703
97722
97726
97727
97732
97741
97741
97741
97743
97765
97776
97784
97802
97805
97806
97831
97855
97874
97879
97879
97882
97883
97911
97911
97930
97936
97994
97995
98001
98011
98020
98057
98063
98072
98075
98078
98091
98095
98127
98143
98161
98164
98166
98183
98191
98197
98207
98242
98251
98256
98271
98279
98296
98301
98308
98326
98333
98349
98353
98378
98380
98392
98428
98462
98463
98469
98489
98504
98510
98510
98521
98546
98549
98552
98553
98575
98575
98578
98593
98597
98613
98618
98619
98630
98634
98640
98642
98684
98685
98696
98713
98724
98724
98728
98764
98784
98787
98805
98817
98819
98819
98824
98824
98828
98830
98838
98839
98848
98855
98856
98857
98869
98872
98907
98912
98914
98933
98936
98937
98958
98971
99005
99026
99029
99033
99034
99036
99038
99055
99080
99082
99084
99092
99104
99120
99129
99137
99142
99165
99184
99200
99205
99206
99209
99224
99239
99252
99256
99267
99273
99274
99322
99324
99332
99339
99339
99342
99344
99351
99361
99374
99388
99400
99406
99427
99443
99451
99453
99476
99478
99486
99487
99489
99495
99510
99526
99534
99554
99579
99605
99616
99621
99624
99641
99645
99650
99660
99663
99688
99701
99709
99726
99738
99738
99748
99752
99752
99757
99759
99786
99798
99810
99811
99834
99843
99847
99868
99875
99880
99882
99891
99896
99900
99906
99914
99930
99940
99949
99951
99951
99958
99961
99978
99988
99989
