49547
30597
1410
89380
2961
59937
88106
20916
85296
20157
77642
96336
34436
29883
3984
57960
4339
29654
90404
59908
74539
88332
59467
9082
93206
92870
87335
58885
47825
81918
14711
73784
18300
35763
79032
93566
68113
32101
13200
40445
14373
83078
35133
26307
64402
54969
4791
18613
16047
63383
55717
87723
98921
84
55440
97447
57821
27073
10572
80005
57657
85850
63067
96662
59688
11254
25378
81329
9828
37832
90118
79729
66392
7469
31681
45141
96167
29012
42074
53865
1911
40103
64312
53819
31693
41201
99057
86526
88575
91189
24682
45104
5644
67356
10586
23751
49951
4016
12844
19499
13100
90292
94596
56851
20005
91312
29171
56892
42998
99201
2118
66212
30618
69815
39596
58726
6177
19765
12745
52909
29951
64683
91730
28839
96946
71806
57786
7967
26952
62725
76680
94060
55375
31869
38438
3696
30189
68021
88357
52908
93363
64737
72350
84009
86240
1457
92900
21779
38071
77328
50137
67276
24714
11479
8300
89899
49088
9058
83483
74786
65904
92425
65160
44896
33842
47266
20913
39614
52441
62446
64600
42278
32803
41422
81445
41719
57149
54045
14313
25525
13208
34447
39606
701
9591
58864
76033
97372
68635
67447
40435
94134
75983
7974
26875
89003
48449
32397
76439
73205
36262
74855
26703
80884
88821
86153
14922
65642
73870
92895
12909
5758
88989
7190
23498
88102
72216
11506
93602
13185
42838
56156
75028
23868
89035
59932
39822
94876
46863
69540
64874
72826
98987
99207
71328
95643
14896
2533
10609
65072
58037
49098
49434
58521
53794
76605
9346
22113
20667
97662
49530
14700
31745
98775
77616
83373
4676
1081
56838
13686
17201
47414
56230
45340
41801
39796
48674
44348
97693
98806
85298
8585
60858
88235
66093
28087
87870
8838
13518
22484
76056
86288
43707
24091
57880
61623
4300
97956
92326
66595
63132
67806
20176
63911
64332
83748
45877
26230
72189
64386
39183
11348
41526
42107
45674
83842
87364
18914
7435
96938
47674
74260
56332
91501
17043
6108
80751
97055
51838
45312
77112
11566
29675
26738
62871
87416
6728
19838
95383
95646
89323
72841
78108
8467
85803
26230
67971
49177
55283
13819
72396
23260
8085
99668
39074
96951
63261
6385
3370
4334
44902
55771
23320
73122
58247
65216
39649
18775
69042
18101
4165
84766
64137
47391
32593
94556
98412
37457
55157
62338
92662
70048
84174
97975
78261
30414
19949
81977
39251
87958
9842
99489
93567
18825
83328
10320
76564
3701
51531
81551
10913
10049
86998
58293
39407
87639
62702
29428
42337
3743
97277
31032
28065
22843
12511
89945
2305
19221
57735
97042
39439
9321
55499
47673
56450
29578
39355
29505
36030
51754
53338
45693
11958
42146
50887
92978
96492
87673
76194
10606
15418
50851
90763
56024
32743
53732
31005
23572
13270
13662
49233
59759
56582
70760
5079
70619
19565
25752
4864
29620
2134
34305
40634
2817
53487
29593
6222
96928
18566
40464
96338
43864
64225
29333
83862
56894
75880
79623
42432
98045
7118
4835
43741
86854
42677
2959
79235
27470
80516
10627
45896
71596
28317
53236
14594
51912
4220
6811
88108
916
12374
50836
33845
17620
69977
89702
97888
32981
70509
45626
57055
88672
25652
86497
73408
21243
97263
22041
19982
13482
2167
59908
57879
60743
32519
58394
20397
31317
64126
84997
510
56713
2899
77963
82052
10662
19519
15874
12260
5035
66578
38924
5245
29898
74829
1907
66168
84624
8635
53058
98337
44195
87342
84861
90961
81368
65396
36444
28360
73255
56099
64525
72693
17897
35304
11711
31037
23506
98027
47426
64928
61797
35830
60977
94719
66618
47243
26630
71621
75254
16194
7294
68631
93856
47504
41263
5561
26547
9209
41442
81427
5633
46459
43621
87135
82708
59584
58360
8720
72536
99069
84572
84673
68525
17564
31403
53857
90761
68621
88893
65814
97786
99674
2064
52293
30017
5761
43339
2047
13834
12446
23420
97238
94287
95825
79563
32291
99962
40055
90937
74121
2772
53045
80871
56163
1710
87
95432
12518
68425
87033
26922
72849
70715
87662
35860
96338
5461
72729
96932
42086
77981
99138
51348
72180
65570
1016
36062
32638
56289
55440
5469
96468
41374
35739
16872
75422
44661
73457
5748
89018
40430
41712
42907
75635
52659
64083
95974
96272
12471
44308
17915
69599
34835
9021
16882
23166
48198
43083
68162
58436
79936
4121
29160
57334
70212
48498
5592
54252
30003
51754
90035
22893
14235
59635
92384
82971
71417
39357
20192
26910
43892
37275
89786
13685
56631
60227
52307
44091
87467
33167
92992
50118
43890
92364
81383
25629
17544
55557
40564
3792
89294
44222
1914
63860
96201
89747
87186
31835
82336
26892
87617
51798
80763
40200
81771
10132
31174
54958
60830
24754
14068
80708
48608
3240
60568
6998
11740
47487
76333
60801
67649
73959
92739
99124
13337
66296
19087
21699
60589
33037
19224
10970
30898
40237
69154
57913
28329
80954
72398
95619
70779
85545
54959
30209
62075
54475
63550
91297
30724
29461
31681
43283
7159
56142
79936
40429
17226
38970
33541
2733
11568
38119
93240
62291
62067
63342
57482
10072
14632
95877
68325
5304
92220
89726
11256
22059
90155
92736
36637
14591
95658
24344
58244
51186
95776
18419
89055
45863
37407
28078
31193
48926
53286
81517
65718
65394
39028
53304
8457
81797
2787
7170
45582
28557
14752
97013
29260
53264
36545
55187
21986
54522
17004
5019
33436
35521
55451
84060
18005
44635
5310
79611
3297
94604
14886
14456
17757
5718
34476
76428
95883
72281
23857
71425
65050
18100
77130
97201
45968
43998
24903
55459
38928
73835
31870
90201
27539
54635
84462
63050
22677
16767
48563
8522
75669
68580
10534
40228
34292
31190
38013
89314
25815
45566
7763
21776
70565
33018
18599
31500
84030
24878
74753
6366
16716
86721
94731
17529
4139
78570
85870
4465
99891
15916
14512
22789
8247
26500
14093
4569
54741
99307
67683
15698
25039
4534
41380
76398
64725
30221
60145
31354
76643
28469
40089
46566
3753
15935
76255
16374
74967
92695
69945
80427
95262
99988
79661
76633
93390
49840
94703
73857
69281
69289
47446
19489
67677
45734
60223
11656
6533
52798
94293
54838
4906
68706
37182
12212
85617
50642
36620
28473
41408
16589
85507
99292
4804
97251
699
39764
63715
79935
13572
31644
11305
1081
85906
87363
43358
45559
86440
64149
61814
12916
27656
24713
9518
34101
46321
96903
13807
48224
25489
31978
91630
38245
80392
40736
64234
5911
22164
31397
52792
39022
17326
50093
30441
96246
93828
18150
60475
78694
70513
63987
44928
15287
16334
91420
3475
23851
55420
58799
24108
3504
79822
25274
65830
96709
14004
94790
19236
29128
63700
61112
15172
13791
63487
26742
62177
17863
17996
55861
38164
89963
84809
99868
94531
76530
23493
10173
44134
15530
91979
93758
2133
88916
75767
15531
27699
47563
73748
74329
68383
30437
19189
95395
62872
4793
48681
12308
17257
95909
403
26288
40576
38323
86669
66270
95231
2089
73666
35181
62240
79946
27987
48223
34308
85648
77941
43918
41770
49871
10955
31421
45232
70683
92507
67111
53349
13689
53594
30938
51630
77662
56208
43790
25623
87696
11782
53344
63325
87924
98453
43609
16723
81718
192
87242
29410
7306
83351
53977
78688
11784
25649
39430
64751
10702
44140
30566
21241
52446
70700
56673
95733
11155
17239
57892
7367
97246
87408
39267
88362
5532
10235
87289
73863
13765
6843
79872
73896
92149
40769
95721
34094
98108
4396
8835
94426
49021
7463
66951
92675
68665
67509
78174
1696
97682
41163
37578
13369
53026
13429
31283
75832
74471
16593
9297
40400
41535
75295
27895
79836
90343
1935
90907
83140
21460
55520
35627
73558
22347
57366
92650
98721
34089
47856
33961
36226
67068
92693
65332
25046
94525
92256
62444
27734
45448
24733
2332
6940
99055
59079
14042
3039
73392
44466
94858
61911
67060
68673
88770
96622
58052
6178
53569
11370
12779
96733
53441
22804
94874
23949
58754
64764
80093
10866
63235
94837
4102
1720
5041
19616
56950
18908
21367
56873
45530
19852
76965
31868
14706
83809
62108
96373
11379
15844
49137
42959
98003
38624
39149
55680
56453
46107
61599
29339
54347
58720
743
51717
75584
86965
88780
83478
92968
67939
62949
84508
69633
40399
76280
40357
91000
7171
52389
79061
42488
63778
10151
48645
15891
37804
36762
31262
98499
68651
685
51885
82724
53306
57991
29029
77400
66246
45099
86585
71488
36497
47476
33573
30817
34737
48732
5594
36776
37507
56552
66190
80003
20921
74686
38589
22341
1405
93043
73081
11616
6585
59759
90031
4856
94096
78826
63718
17706
62170
82075
30728
37198
19883
9425
49372
59799
55447
24145
39419
38873
59536
80479
20166
16858
13857
84739
82183
59446
14156
6715
19971
97198
3109
80671
41865
46579
87715
45309
73673
31808
79017
20975
65151
67482
9202
47107
57110
90483
95523
46116
53480
63243
20571
66055
24738
48201
29584
89272
88861
93598
86860
4760
66440
96950
12051
57124
49884
58040
34202
45937
67042
54961
47263
78263
39909
17856
78710
36355
29384
21994
44982
74607
41477
47277
34148
88302
91513
75019
56865
67982
48819
2274
41015
90175
66708
97870
22506
85852
16005
89507
9443
24601
35719
99230
56862
64988
66973
4685
18759
79563
52094
9070
64486
39389
23136
74195
79992
18202
72335
63967
31227
28569
60763
82944
76407
37068
26464
5423
70519
21761
10971
6589
66016
87387
61624
3159
97915
22800
25527
69414
59194
71892
70304
54091
42131
40675
38908
80173
53612
96547
13398
11193
11147
85279
62368
90778
41850
31584
38930
68140
81399
21869
29827
54342
89627
20937
13459
17539
18352
85219
95791
19274
45814
3642
54218
71182
14283
72579
28925
6248
62409
99576
75456
65005
92853
34649
23774
75132
74177
59145
57955
16947
43931
40641
71611
77831
12006
88908
99225
50669
12126
60067
42976
99646
46454
73048
20103
40605
94175
33042
63345
8896
9007
79897
16233
88921
2902
93096
36863
20611
35986
34688
58913
456
928
71196
58669
87159
38593
34920
82903
70233
77216
13411
60621
18734
14987
69126
81117
39818
13182
28750
59152
66971
50422
24475
18691
11233
22453
11376
82641
97602
52201
17397
55822
52453
14912
69743
75664
93703
58105
6219
72005
11440
51677
42301
19966
2077
18513
71369
12997
3029
67687
59463
98095
34455
44899
47182
46088
61572
95889
45691
82699
42675
95095
3602
89823
47664
71224
61401
99514
25313
14765
5400
978
70975
97168
66681
60006
16097
45187
845
1032
71585
5846
54053
5527
1841
78844
39056
91592
78807
58136
85994
88457
74707
29783
78008
92931
32104
37087
55720
67522
85609
20236
56472
4702
67459
19028
7187
62998
40832
86403
41173
72829
67573
36765
91161
89825
18683
4617
27575
84387
52251
45599
35063
83310
45730
12383
49367
43754
17709
91123
80214
85533
20323
12989
93196
51361
88107
61126
83358
449
99474
27525
10016
10258
54920
49492
14984
11770
51464
51366
52560
96654
92173
78935
99291
27696
44419
85688
9107
26715
35708
95025
44158
63759
71297
40246
68210
55943
64146
33401
53371
14350
18087
19190
92812
49350
19426
20277
10452
92224
83353
31359
42482
93980
29689
72667
47970
67301
2119
97921
93806
90639
24486
37147
93203
840
34877
9448
52117
96436
26846
73600
37626
24039
77316
23645
65925
96968
59218
68283
10872
86149
56585
38227
59161
18814
56624
4517
9432
53607
48336
71890
29701
41828
40402
29645
10156
5245
96125
57355
65873
12615
30542
4656
55841
13460
22550
57411
68124
72332
17407
92640
58016
98722
84010
36821
56241
40367
14778
43811
41522
80964
52164
89174
91197
93038
70169
25875
24432
85261
11315
89032
68904
32232
6474
98492
31766
11893
60665
19164
20475
18459
72523
45095
61127
72928
18002
60803
37689
83818
44905
81800
53669
12245
15372
76115
76299
43895
76911
32704
15551
50083
54331
84214
53709
47017
61202
58713
99743
46196
48046
65415
83121
54759
41484
35790
33409
67822
5806
6320
33911
23440
71033
23583
26359
82453
95730
81418
35514
31302
1872
3828
59326
70186
6369
6072
48023
2232
32676
93878
17113
14419
81484
51684
94589
20280
19589
84985
689
16192
5133
1708
22936
18726
27041
48058
97519
54248
96139
93103
22779
63203
214
84023
49181
3691
43960
80428
53406
36510
70847
29322
74813
22374
6504
71678
94684
4060
79047
24219
26376
16080
40510
32930
83881
46198
673
79275
10744
18978
50776
22072
49377
18262
27805
38456
43205
3027
96605
62805
33079
9977
79616
72585
88812
79691
81003
23928
42842
27662
50954
16544
90384
24521
63587
54918
6652
31341
42744
65108
71925
56069
67957
19449
90105
7982
92552
686
11086
63980
15265
90255
1608
26095
81392
98921
33350
26096
72566
18678
18496
82506
64029
33979
98659
91090
94368
16673
49577
25302
24065
45809
40936
72532
35396
52835
59147
84717
75216
49412
56627
73178
90821
48021
71659
87925
62974
19237
30528
29799
92039
23402
95606
7679
14496
61188
92800
14
12333
85328
66709
24679
66119
32733
40386
46095
84173
70913
50679
69615
15931
52891
14781
64650
14036
9404
93422
37719
92726
61712
72026
18832
47739
66455
97960
77386
75905
52172
82628
96503
51459
30538
88420
22596
15143
54754
42054
59147
16430
69750
96319
31151
75707
32235
65983
44368
42269
55547
51523
48466
87363
12852
80993
97622
9302
77994
80544
79870
89565
43628
68575
56117
29203
8984
50965
79030
43964
63984
78689
95431
19015
13909
61186
32770
43832
23764
49166
42285
21668
44058
19137
58168
51977
75697
27891
5389
9027
54091
14083
35367
76216
40752
90972
61817
71102
61308
77958
99517
49920
75905
9803
34426
82365
39197
92413
5208
24475
86355
52920
89211
89821
53524
8391
47573
92721
71918
54996
34705
62012
22035
83938
61002
62029
325
26888
35218
30668
45618
19744
93330
63191
75344
51629
53906
19791
67403
60357
68830
21137
47988
2177
45107
10510
38203
29391
21717
84926
74597
1261
53464
79536
30510
50189
69403
20766
81495
74925
69074
84188
29054
35969
91190
75803
99609
70932
16003
40048
31305
95710
40775
75900
24867
14052
25093
99488
75657
77241
42998
2844
95207
95675
78100
29866
76751
12386
33122
82156
32776
97289
43480
17143
32139
68545
67335
35657
33742
39107
12410
79198
31286
2718
9156
4593
99283
8893
84591
64786
63946
73875
71429
35669
98727
3091
98459
39239
62015
87693
67144
92068
18160
88804
43099
30745
95380
41456
36913
64845
48463
87176
97630
39199
69254
7079
57231
89698
11270
22513
68120
3072
29946
24525
70569
98719
40004
90813
70625
34777
10715
94312
47391
39262
30567
15438
51027
71398
41082
8934
82292
12007
95571
37679
43240
42000
63557
85489
98018
37982
72106
21337
18073
83120
53840
36541
58108
62268
87193
16763
52748
38727
2305
3223
72353
85339
39640
57304
3127
61441
47136
52604
74314
92055
43384
74725
72868
78369
69
79186
15553
27222
49907
44476
56643
20882
78197
9383
16207
76901
35159
56698
95021
72281
33951
76589
9157
22507
13145
68118
14094
91740
45984
7892
94638
799
63580
45514
48526
50388
5773
32259
44390
20009
25738
12635
371
37004
68408
99294
67579
8057
82079
9965
86770
22242
39998
96789
69225
91132
50318
61751
44719
91653
75011
38660
34277
45142
72185
45225
66316
92426
30780
10297
82892
33744
91620
80351
33623
52277
46745
12090
82110
22910
76677
98939
98357
78212
27607
24391
50145
34186
48718
20483
3752
68777
51278
11144
45823
22462
19037
66929
36550
45566
88428
56541
31751
16845
20838
12550
42372
92816
1585
36784
57981
43073
82306
52077
44449
87674
59905
22363
39963
23674
66267
99514
24389
43813
82863
43659
97847
40147
95094
94455
88513
49411
27352
27484
32862
12371
26528
86119
66558
44860
21965
99812
99382
32257
47123
65210
65359
8421
87129
88404
70386
71244
51566
78236
17106
61276
24896
15298
7719
27444
28983
64003
45535
21977
87116
40384
10657
55860
44687
80599
10482
31937
11392
9204
78883
6513
49775
29328
94859
68078
12604
37407
31861
70551
97835
87519
31736
97343
99925
74066
19748
65087
22257
121
42968
55727
27337
25152
90505
14021
94043
73365
14245
84022
62227
59453
54782
48148
671
12411
64692
15325
14266
97441
63843
36859
76416
97823
75057
14088
15601
69913
54927
56631
62875
60514
88202
28595
51385
2861
52836
29970
87092
3723
81078
26977
95968
63008
46398
91232
11230
5246
8314
3916
32023
7337
62182
27217
96147
92938
2045
45747
23962
59124
94136
34139
75375
19362
39385
27037
67750
44988
10750
82925
65067
98424
75194
47109
623
26772
54599
36944
93292
15384
12843
42103
89615
6348
16722
25406
67079
79064
20391
5811
14532
86663
92135
50362
16197
79249
22650
12523
40544
6292
42871
25444
73944
14400
85873
78541
65888
82424
33752
10266
15839
13260
68219
41905
15801
91848
19576
4099
16167
76895
12926
20931
34566
62503
42213
29619
57471
92847
27701
91295
58067
91995
97224
14464
61093
17433
71250
51847
92830
98204
94885
85673
50181
7833
2753
71677
89514
13604
84156
84504
5101
81212
90009
46564
61140
84059
35570
91160
94389
45498
15781
52193
10097
22982
32311
65917
26794
7698
91962
58071
21077
87895
17137
12949
57312
42870
54495
91475
17105
39909
45300
11308
16921
31962
85000
88776
37707
88569
47143
42002
83206
9510
80776
10168
49583
42245
24560
29178
22921
77056
71722
92073
46169
52008
76962
402
31291
24291
67430
88493
29226
52094
11181
28256
49274
95134
79194
48187
41525
52693
39591
87675
51328
15240
84895
80959
41499
57446
39670
94818
79561
28031
65039
1991
65240
27158
20201
48136
41330
47206
60973
33216
2478
32484
13409
46234
85496
20697
15830
19145
71376
18421
83242
15010
61772
3435
81031
64379
12271
77680
496
70637
91043
87265
2343
8329
69843
17124
7539
64168
5883
84215
23824
83157
58526
40426
61710
19797
98735
63588
74582
39661
16236
10162
70930
87201
35236
63433
32852
66742
89883
8434
78780
54003
71855
2874
83046
71494
19193
86524
51494
77006
33830
72420
44152
96260
68
72256
2365
46045
32966
70717
65248
34925
65400
76511
77828
89616
83330
36120
30349
8241
29150
7893
22743
74573
91058
87784
44360
66642
96348
58499
70013
11553
9795
76508
80695
6143
22016
25186
47424
86308
34877
6788
72019
14007
27945
93604
65061
36261
50841
34819
97990
33295
14226
70544
41956
42740
8538
22437
84771
23035
76017
37883
86298
68221
77126
45019
14432
10070
19998
38894
86139
79365
17264
76677
94780
2061
90227
56079
30686
86090
17586
22808
48313
74009
17852
72108
86585
35703
25483
29930
21827
90966
80322
75795
40143
57169
51786
56193
20936
46759
19596
45769
50522
47099
13747
83000
16907
30701
15689
23910
7415
58817
63503
91224
68163
79265
73353
26810
67291
41678
60876
97811
45938
22164
66195
56614
98939
95077
17945
95715
51748
2535
44115
37216
26489
65267
71335
32100
49483
57556
4235
18463
90050
79771
46950
72638
62729
19273
53507
48218
42314
81911
11547
35694
74918
17027
68916
31212
37928
47011
22256
38140
29989
71776
87990
78607
12223
66568
99220
89662
36506
41465
70469
63392
29889
83562
17961
56448
74218
9995
48236
38701
87916
35326
22224
45270
19112
68218
29036
19810
93361
43544
43033
65047
94981
97867
70797
32774
59859
22802
75272
74261
83981
51637
9071
58323
31708
3095
52725
85756
99090
66293
86512
49878
73271
21899
14532
22050
97949
66432
68583
34200
73418
56529
23974
36479
4740
58526
91831
14758
96661
49481
6717
74511
28633
27361
34475
7662
18943
88616
93528
15202
31783
4459
70405
87079
90033
24694
76056
58815
4821
82849
61912
73271
56792
1398
85695
69762
98864
97800
43372
44219
61672
57158
54493
23989
26956
8547
61946
70754
9790
6637
51861
281
61533
27993
67730
19546
37768
3977
74715
24072
47141
85339
54034
34194
19061
70986
87444
8970
4209
65553
49964
91164
65481
73014
99524
39552
77843
62873
81728
92858
5592
44507
70553
73640
7027
19485
11266
75753
45759
54464
3402
87765
7592
93268
63062
54914
2215
29127
37887
19834
34976
40263
11074
85344
87330
36067
52730
49131
68414
37501
89559
74355
50982
59314
52670
17357
23254
5010
67864
29784
36159
77703
37883
10782
11514
74721
26132
82844
46605
15404
29751
41853
33800
52235
83701
13125
78321
50731
93321
34202
58435
5395
86617
19858
14461
35268
9434
99535
31129
84392
69097
61205
93231
80781
93237
37794
83705
42577
48855
8667
56756
9984
26142
23165
96217
10512
34146
48546
84175
39680
49761
88334
47747
77203
2227
43205
99925
81665
66770
70712
8656
93853
56376
93084
53695
14294
60241
57903
43828
99176
7952
84292
46960
85246
9114
23262
81945
91483
18393
20184
48522
70810
75513
53112
83437
95151
55918
49572
35425
42604
29490
52088
67900
23189
63366
42358
20951
84307
34320
38315
82957
344
53885
29357
21083
42027
12382
76867
87854
93280
14010
75365
28051
26991
16014
51221
92630
84753
59805
77175
94881
42283
87755
61913
32461
10508
32516
18229
2654
31675
57063
65214
82634
77698
24053
27134
57551
79850
26034
758
35047
26059
32790
924
45162
44025
56773
21268
3777
23560
99826
96041
88239
2274
19117
38262
64999
80582
6286
37863
66621
58883
75284
54104
44725
81840
72750
72147
67666
73505
9825
47235
14499
32957
79765
77515
97865
99819
15912
19396
74673
98355
64369
95969
81828
72655
29106
22021
14945
34918
27763
34035
19625
98140
22871
18803
82382
4875
53012
48824
80829
57776
42076
86038
49337
99281
40492
16836
49443
3144
62209
8156
80349
55451
10461
43146
56048
93975
38650
77815
19467
99741
54291
50120
91559
85425
8407
41852
67427
10029
10526
83387
93105
53882
77176
5538
55641
57908
21610
69162
53772
11150
25154
34654
25503
7210
16457
57831
50715
79915
4910
57483
15402
49980
6266
74694
63270
62453
14862
7434
62373
59156
70507
61055
59458
56042
64400
45436
55674
8369
3519
22678
23188
50242
97243
47717
61326
25559
1189
93852
17376
24197
94142
21042
84110
54199
33247
90912
99524
417
94720
49541
93174
3431
66812
45435
8860
46259
28841
50306
50275
75591
49827
22027
92654
20721
65112
71810
24777
2723
95834
13059
98740
32386
42188
50252
18521
40729
67475
17573
18575
61107
79845
48939
43640
11427
42745
35345
26206
48009
87786
19725
17257
1207
77738
38949
72572
76555
69729
33985
6967
21292
88791
15097
51423
41003
76035
78287
20323
43679
80799
31651
71802
25620
19623
61892
71882
23402
7027
59072
46101
10371
94569
60738
58031
81736
82044
51408
21715
39322
57466
93701
91253
44577
90957
80549
63933
76818
81366
73802
86479
96981
69325
41742
1340
55569
14555
70858
87875
27620
8236
38955
87090
93146
87585
24610
51985
26290
61163
82055
94509
2890
1247
88199
68917
63267
32042
86878
1512
63356
39252
67547
6774
23521
9981
20235
65650
97551
99247
48022
59940
2082
8434
8954
75150
20256
85477
80406
97012
86866
57992
60170
85438
74658
93293
60381
71980
94198
84732
38474
22660
75523
60345
93893
70095
84114
73268
15581
54348
59079
21458
98316
52551
96226
67270
90116
64447
66389
34904
37280
75544
61359
17144
31617
14470
17923
18455
20246
98991
61457
65032
38235
52385
48411
88795
63890
21565
14524
41209
10427
29442
12535
71616
29347
87016
91084
59685
27709
11514
89474
45260
35749
91270
12162
17537
14139
66629
26468
5340
20291
23777
95694
99773
78359
83125
30642
92545
26713
66893
29189
50720
68942
73289
69190
83202
22104
85929
6578
96216
13875
49030
83429
76968
63007
3903
96956
96323
30573
12419
31930
39301
26164
34590
28779
60886
92424
64912
67405
82834
79771
51248
22636
52901
77464
78024
17206
71325
83128
80256
96688
6573
96871
79090
74454
215
92721
5840
43874
47723
18069
53342
60574
65305
90281
28159
40128
31048
42382
40066
39038
7279
93155
14588
76713
6725
47620
81014
75871
26094
99484
57629
95922
1471
95653
62279
20122
99585
35628
76359
22189
98666
9169
54755
30329
55713
1206
80369
25145
98709
29283
68037
72694
21349
40476
3740
68395
23642
66280
52655
92045
59788
65755
93432
24659
67867
84634
87970
39135
3734
10587
29771
79873
75467
98993
26706
59305
40551
63197
56872
55146
63209
45702
16073
64201
89270
7230
71597
36662
27602
24541
58000
9820
14606
41659
67144
38887
16345
74951
72753
89888
57176
49937
54805
97675
3991
62387
2639
36089
73234
86726
60481
70731
65185
54469
94739
96661
32750
44674
31880
47963
74610
30910
33246
97827
1534
3790
11592
57251
22964
19154
6368
34193
23999
24311
72695
14427
48497
83297
86320
73820
36624
93956
2487
27610
47876
83875
24447
66158
26381
57867
83313
64503
23175
33441
32055
91601
87166
64644
3662
26474
37813
751
79916
5710
46092
66402
80499
24898
25973
65592
41965
6767
11031
11737
77867
46047
70514
99859
70140
10587
87294
28008
82064
57536
81006
95433
21552
17661
92290
32601
45154
37255
69435
60745
37138
12429
69162
42768
91231
25706
10341
94710
98348
13570
89855
91703
13291
12702
36137
97915
55557
44404
23770
98458
36001
97607
46485
40927
73221
18121
29603
41882
4533
84053
25047
6903
57438
33781
85810
39090
36093
46029
41162
76894
15625
59309
28645
55407
32907
29390
22021
37003
28094
46521
88552
56807
17093
95262
92552
51966
45710
49505
13732
55460
60442
32157
1810
6340
48478
92938
63645
46511
39078
74290
62245
57227
57832
829
14618
88946
95290
52384
39308
6127
31388
55648
8313
29
62969
1569
39475
34314
21117
3194
30261
37825
77869
81960
78510
11061
67808
20436
50892
15681
2064
37584
83502
67788
60667
49895
96061
15249
478
72997
75469
13184
11762
85426
16721
36589
91588
48868
26268
19887
14227
45706
10239
97591
47009
56025
72224
38104
63678
61899
93235
93255
10059
86884
61819
5655
5001
68662
261
15454
85165
45853
66028
2847
52572
2153
19426
15493
46679
39832
96295
65071
11034
65299
8878
72493
29266
54579
69996
60865
78053
31118
16028
35179
82047
96279
88321
71602
34413
29246
17283
9919
49505
90691
12761
65788
75366
13142
8603
64065
97488
18456
8442
11697
3806
57480
55698
41368
43405
81210
81474
24896
14647
52426
17363
57430
30979
55905
85243
24347
7248
36282
74208
52941
16963
17648
63212
13727
77260
44342
18471
23580
57032
81313
72875
55621
2305
53221
90909
93024
26649
31203
25099
37431
74327
90915
92502
72636
14927
82658
71534
70838
56164
32691
43
39749
73274
98226
1566
72652
9487
85413
5616
14455
29983
45348
96552
47077
1762
54757
60243
38320
41405
73183
3634
55756
74561
29595
27445
59589
21771
38708
62165
65143
94179
17046
24434
36800
27224
50550
89390
36737
62439
68638
18689
91516
18180
86865
26413
12704
96017
29299
61301
78202
25520
67548
53108
8302
55779
31545
73314
15685
45574
45188
37052
25099
52204
9683
91306
29731
80655
41604
51663
43013
53394
32146
25791
42637
29360
74417
25400
63278
61393
6093
4595
47783
84910
6273
58058
57272
55786
76803
14094
56409
78575
92361
9818
56126
17427
7550
63752
75005
43310
90914
74898
21801
65065
3440
47202
35095
80969
57671
77460
4590
89543
10308
77210
1069
89152
22607
19439
20466
84333
13472
42017
54759
1834
34996
43241
36407
67399
80999
94691
58413
40425
69874
5361
48532
6267
50799
14008
53150
76679
44834
22326
26900
19828
35054
10451
94668
98553
17435
82625
12145
51668
32660
89237
6767
54594
56309
102
25500
12264
74397
4615
49639
23357
52604
93277
74794
74504
50826
25465
57164
864
14149
88935
89245
27124
91708
40448
66679
75348
99334
58685
53088
24079
99048
20586
12286
17659
24190
26367
43526
85645
18926
76212
53072
42197
28316
79312
23878
5632
99941
89298
65560
87982
59246
71124
67083
37105
93889
29853
76059
74360
7808
90226
3673
6564
39596
83294
38642
58066
13044
44614
14324
3781
25929
87548
9756
15136
16684
53599
50595
23653
37887
80646
93085
62771
74630
75854
3029
94811
43796
22612
42219
29507
82114
5433
93657
15041
65221
13722
11393
24980
90273
51505
31416
7332
78034
861
20991
55772
31682
32695
92391
91703
32343
11296
5772
81412
96850
71408
63323
76352
50640
79767
19906
10189
88783
2869
20964
7866
22395
48758
37307
18415
24198
11131
70940
83008
60814
63259
42773
41200
92299
41872
46876
74836
44739
794
15201
47808
48996
26603
10290
35580
28421
94509
80302
83654
78532
59562
82338
60314
16557
84466
76808
21266
7993
84286
88582
61694
56784
87183
26351
47405
31293
82619
5728
44229
61738
96731
6440
53049
38004
71204
38556
50376
32881
85385
36256
69096
49944
62769
89981
39251
60518
37223
46508
467
15288
3626
40750
49513
97247
13930
99644
51089
12782
8075
99651
16199
12133
23152
76842
6255
6995
38411
51852
67452
78567
74793
86709
21913
18388
49122
99218
36354
26384
82464
60486
99921
91303
93077
16805
84175
40267
35170
33112
88297
23100
94994
7253
3508
44375
62461
6312
53253
32281
93464
56390
60058
69222
90839
18380
21046
66645
1306
24484
74674
92868
88868
36489
90280
94226
61129
84897
92109
36126
5861
23474
37480
72385
98582
63793
92449
61321
39781
88432
51595
51626
86866
23997
21247
86393
31460
93677
41882
81795
48642
36169
87852
18872
31400
313
54796
37592
16944
67334
11827
13117
23716
25189
41462
94790
68081
24982
40934
82373
34696
85780
9933
61012
7131
97156
98753
46879
69202
89784
49111
68328
76315
30443
81856
54261
83773
9724
71321
2947
20226
41237
92001
33491
37502
22222
23457
33501
39041
18651
14820
57820
55014
38701
97776
99129
36686
634
92140
18933
79216
30487
51125
37969
81619
49763
36663
75563
9736
39794
33460
58192
29917
37656
74692
25331
13370
58161
67039
76877
8263
33161
42438
88879
38912
17171
85349
75279
25465
56054
496
14937
5225
37243
57933
96090
16354
31961
5545
40855
53359
80594
9654
80639
88141
47951
95784
28158
83187
64239
49932
82724
21553
7199
68372
18405
32073
81282
74714
38128
6100
55481
28495
31419
50818
57826
29599
97943
32406
53096
29892
82731
7747
3473
6080
6518
78772
22934
56876
95683
67641
45911
86173
40843
27601
78256
96360
7834
59670
38947
83442
58366
50645
28974
91657
40430
517
92253
15810
51388
96140
44608
33679
56771
38720
50877
45096
63252
18987
64445
18611
99129
25826
21971
41513
37154
94044
22647
8816
22285
30235
54724
30433
75959
82878
10918
96244
58530
32960
74234
33904
36770
7528
96274
63244
13565
17954
31883
93649
99547
7170
37559
37331
60726
61851
93463
5214
29166
19992
34570
61404
66404
89159
68146
22283
18410
88086
14533
49405
27622
41109
44306
55555
61366
35920
20293
56157
40286
79594
34541
79850
60281
9036
57596
80883
95655
73054
45950
6275
13059
71752
66163
13850
54836
73940
6957
18770
88964
1109
7045
37042
77521
14176
1827
41115
1027
1628
70023
26996
33202
50581
19390
57186
40995
9700
65156
64571
43345
399
32296
68134
65922
40578
93113
612
46901
2347
13167
63841
32972
21037
65944
10876
70936
24662
28593
31864
54629
58221
50060
83863
65423
71503
74525
70009
94976
92808
62845
57307
32400
76704
45768
50571
55098
54951
95830
73049
68039
49305
49425
82597
55118
46498
12735
70925
32750
18134
87777
10846
87198
2797
50299
69251
79927
16295
96443
26661
34022
86736
56136
39134
59404
29628
77161
1841
31166
31751
34565
78514
55649
17841
55324
43609
95850
84987
87957
18471
67963
39836
45664
88902
9758
26570
82963
1571
65122
6348
58675
98332
60842
32961
5458
50613
15486
46670
52307
30701
29766
98616
89087
62304
8872
81281
86652
61520
60652
53858
9953
1111
96794
25248
59223
7616
25969
48204
6212
74520
73720
19055
68036
88272
68205
34515
32890
11912
62836
14884
4463
82419
36711
27719
87989
55777
9562
98088
45598
86870
22181
66368
21133
39921
36268
65670
6712
50522
30049
58145
19342
61530
18378
8459
20328
95063
97523
96495
695
97673
69745
33800
55203
28076
56157
842
47878
82385
72537
52324
43010
50196
89094
11207
28564
27741
9784
54143
26581
52716
96584
37314
63385
39359
29338
80658
60959
77992
44303
37629
96660
19570
77016
86689
69861
17040
61317
15577
81922
19038
12319
87804
35727
98524
90823
8246
81912
77272
44826
48841
91490
57984
66424
31433
36398
22894
86352
81594
39082
97937
43207
93658
65802
16950
80867
35378
84603
46156
80849
13887
75421
47598
4456
29393
42962
45317
98622
71888
29389
2752
69371
6240
82246
98354
84314
82952
28962
14890
45612
49104
71598
69245
28140
33328
5877
75710
95196
32730
33480
3350
6168
69993
35268
72000
8905
7470
68736
26590
97190
67
93619
50924
95786
65430
42416
92009
5615
10501
11342
42113
76926
97782
99421
27659
60934
35561
26309
35931
99005
29927
62550
91024
35540
15620
32156
34062
23071
85689
41775
96870
25426
258
44200
94491
63135
65296
14151
14470
22740
46882
69457
30667
64396
57624
85534
93487
70593
87125
83398
98799
42569
76362
21732
20659
93174
97299
70245
28886
5809
5645
62168
16153
32156
19400
63916
84383
15745
44848
81897
87454
70764
75789
97651
53980
52639
61929
18852
38166
11372
73428
39974
59186
81993
18884
62686
10576
20085
25149
45335
84582
23755
57947
81579
88595
60810
73257
33644
75358
73753
31643
95907
57673
86822
89183
50415
93238
47382
7991
4472
2908
58918
526
36148
54119
97154
82931
60550
88810
13468
6214
58048
57878
96197
51537
67776
63520
35566
88510
52438
88048
1678
83319
81867
62885
49785
75457
40617
55831
22839
54385
25252
88542
39150
29123
64599
49390
64783
92074
94590
68743
7260
91976
27310
94097
73743
63689
62773
17027
82803
83272
48333
20667
69823
41703
97053
94897
90531
91587
17931
81324
90485
19829
12358
26017
90920
27813
57383
29138
47703
48418
94894
49056
22513
47849
24440
13470
56852
89779
56198
96743
98679
94178
27608
48012
83001
68366
94768
49714
69181
57308
59968
23849
20013
98802
15661
64706
90452
3836
94146
85765
10808
47519
9322
84865
67985
42439
20102
79451
17645
28799
46014
2445
63955
66083
33949
2699
24503
16357
85987
46643
65405
79760
47642
43226
5095
91175
13626
45105
19241
19106
96298
87934
50524
39212
94395
80475
91842
29319
82265
54422
11671
55961
62536
91297
13477
95877
37966
4341
77153
29383
42482
39319
90707
32156
50341
1395
84168
80838
91607
19840
87523
34485
83824
55831
88879
50953
84345
91306
87132
23996
60276
28189
65770
5153
96410
16756
43948
68930
36046
30685
2444
45297
32712
19815
34381
11959
93387
88440
29385
60501
55246
58996
10713
98551
89834
16782
59983
38831
69139
60832
52327
79199
42455
26844
36646
31735
25959
89988
38344
70804
93656
82146
68755
99128
29185
18029
60056
64627
36502
43273
32908
86559
68539
25521
97838
29490
94718
13813
14817
56905
20584
28710
8587
53243
51621
706
56534
43257
37548
19509
97302
27582
5851
57571
97245
4485
41474
77462
70418
87771
3131
5731
69350
76541
39827
87653
82932
59921
10142
12181
25429
1412
80127
7046
71890
71920
58124
7457
11957
55282
53198
72517
21052
65939
31167
21853
33343
9640
43899
77016
28669
10271
66131
93092
59316
99332
64578
18532
85193
47726
28583
24339
625
57875
78547
20168
39299
40232
38920
87577
87213
881
60781
5095
63500
14786
72028
84602
1112
87278
5672
51804
5662
90123
52279
13941
28713
31850
54185
23169
73830
81774
80213
45495
55684
50407
25454
73443
42722
10927
56757
48938
75641
51150
88729
20815
85050
35174
19591
41831
83347
8514
34941
80713
457
28083
36676
41713
22033
24364
67054
629
25605
11647
15119
87588
5281
5659
63332
95619
16964
94345
13471
94935
66995
34427
82088
51355
85778
89797
6524
33053
65596
63706
73531
10544
87085
39065
61441
43389
51927
19216
94453
37118
18047
81428
41435
3701
79244
53774
49773
41471
96766
91144
60873
72207
48250
98851
32141
84634
33301
87610
38761
62509
13935
74657
66216
22133
95600
72407
71555
36038
42708
81899
77229
92970
77603
86945
51925
85788
88453
74457
65917
9213
59951
1627
18880
84996
9638
86923
39812
81898
92334
4563
64381
83184
63634
72034
54648
71900
4106
13227
46548
96108
39325
33506
91002
64899
62593
93269
82381
75995
66657
94201
24638
16639
20893
48034
69169
35813
98922
46899
5819
78694
62863
96705
84345
44117
68188
35539
89302
70502
47718
35790
17150
58232
62013
30259
4496
53512
96746
60476
38307
41233
34793
18014
75846
74875
55861
68722
41420
81403
58779
84870
88008
41083
12841
92587
87483
93513
39410
88546
67219
21307
13095
16254
15733
85951
31648
85218
8056
11644
50552
73707
4907
98996
75989
86623
28441
66409
6524
53419
55972
27115
78042
55102
32031
26749
92881
8136
5475
57678
19568
28890
98319
24697
11286
45355
70390
73020
41388
91729
5899
4232
29909
7096
75794
82327
82453
48004
67481
53126
22389
33152
9216
50247
82354
92864
31667
59787
33405
9215
71518
64854
87841
21614
58690
48469
69363
33899
27012
46443
68760
43551
7629
81664
44239
59733
8322
50398
8097
79685
27594
80905
28051
149
34476
59348
59974
407
75430
98429
89705
33942
76199
53718
88031
47708
21020
91395
8183
25475
23138
39920
25582
95739
82329
73141
65224
22450
97537
9712
24528
95928
35092
30518
54794
79450
40561
97474
13589
87210
12889
23569
90813
29980
42199
54426
51669
62406
80212
49165
28466
4459
6558
39697
74006
6576
7191
80064
44380
85911
94576
95229
92427
62357
16958
4297
2221
78027
78798
94278
93082
59930
16345
44782
91228
97660
50138
35547
86750
89107
18973
85128
21937
64123
98514
42241
95685
94024
4015
89180
77195
76696
77014
2365
36333
32325
53975
20022
96826
34885
32572
95886
76510
13883
24951
62696
50398
43345
83625
43259
17835
88317
41420
94550
69327
71504
97231
45752
64536
73453
31383
89508
38986
49620
85912
42973
40594
22468
58007
54974
96726
14060
2236
89790
91811
90392
28484
46279
50772
95527
40449
55407
29369
58861
98844
43524
77613
51140
35319
98480
78676
2664
24143
1660
85426
77370
30090
93560
73622
97508
12470
92847
91206
36817
79398
20710
51400
72691
81443
23977
94379
59416
88765
19808
58111
17531
2024
1591
99577
60414
18347
21815
31457
32996
52236
2874
20442
77308
23471
1176
5606
43202
66073
41540
2521
36270
23289
71833
64881
87017
68703
49928
58650
73491
52681
6272
23205
941
20020
85574
68334
62399
87921
87280
90563
63802
41937
92212
95481
61882
98186
88603
31187
27539
45668
40555
6858
1373
23131
69625
67776
38432
70252
48708
4078
98766
65394
17811
66101
42229
19964
41031
31414
11195
2056
26738
3007
27069
2502
52562
71947
74198
87606
32988
57593
75826
1062
91147
97852
52498
35004
85633
24769
30202
59682
50572
87393
33442
8417
58554
43392
22257
53224
40644
6225
75250
71148
59678
89649
88459
63679
82043
42503
40720
38030
85808
31068
13655
58070
99188
46192
48738
7081
50244
54432
53532
5788
5293
49946
31921
78709
33037
1380
50814
95779
37094
19909
75103
26234
50896
68320
6987
76019
86637
13522
88905
47188
36251
8578
14970
56733
52625
42525
3136
69119
39117
30329
81950
41274
12300
49368
74004
65928
91473
63264
55239
38704
91580
69766
26451
93449
97763
17926
13053
95489
49500
88255
29145
64204
22999
93783
1394
75588
11256
87874
49178
38678
18043
45378
12783
60110
6414
86144
43340
71922
25810
99013
74662
61868
35443
34853
81653
85595
20765
64880
78628
23877
87174
40113
89515
36875
9182
92454
98301
18123
83743
98948
17854
99015
39482
18148
34328
42207
43409
82630
27740
7511
88271
85083
55953
58304
32151
60323
28083
10272
81959
46645
4287
85358
2751
86385
60342
37468
77610
89855
29301
16935
94240
79045
57644
22217
71977
66144
86596
62414
8074
34152
40182
2367
40231
46172
24465
11668
7201
11586
69165
7811
73819
87079
98273
28807
52183
37597
80110
85427
20972
52206
98489
9025
60484
4269
54793
4765
99253
44201
13549
29373
23485
29967
1028
6602
78931
75597
40164
25914
42899
64480
38414
58184
47822
8213
18588
70597
56142
21405
87674
2499
52999
74692
26920
47830
39116
11607
83827
51955
48073
30612
75236
71236
65949
39440
67635
10524
52921
99886
41007
29311
2239
82145
89102
6173
51199
95964
46028
94415
54754
66790
11991
52701
11767
88922
12128
13130
59030
68985
82433
12443
38348
65467
94142
38090
12398
57847
15599
58905
62860
97804
28772
1439
70416
23582
87926
85183
51051
63935
97964
31396
78804
19494
53727
83206
95636
27228
71512
98466
76274
27287
85640
65425
47135
80497
25261
89312
8505
29262
98328
26827
18556
55344
71618
88179
48804
83630
34781
8308
9137
93129
55822
79708
3779
76952
84210
54289
6883
31716
63709
70197
34289
44010
89417
31579
52001
60578
81785
39899
83042
50340
94343
36502
33170
70101
97634
7319
13510
86303
18607
29411
78081
26032
86082
87189
80624
98394
4818
59323
21622
22672
81766
2561
54513
16374
311
71049
50909
79705
69855
79119
5067
84842
99765
42013
5335
89883
15503
15924
55123
52434
81163
67439
4904
15470
97620
77499
49395
47194
54041
18318
70332
40017
4474
12532
26528
63778
79311
96210
28747
26133
68350
77674
47531
33858
15679
78157
89629
68801
78821
61058
42463
6162
99419
65125
94094
84932
6770
5437
59588
25999
7160
79787
93942
29822
21955
89772
63621
16199
47418
80729
49884
1862
14717
52943
7713
33890
62426
87698
47316
79942
7624
73858
51967
59231
24846
74906
46025
30314
23512
48021
5823
13008
80575
70363
45349
36613
74653
97081
56504
81694
81673
5944
74013
54130
63508
67783
35296
69156
86506
90981
42464
99462
41325
72468
12780
62502
21185
38997
10271
34089
76790
80441
2669
17841
30880
18598
48396
26699
72979
57615
64313
78435
64102
57468
40504
57704
34497
72964
61819
19315
90222
45059
60061
79953
89307
47140
60406
47343
92456
22998
37261
17342
2465
53626
71757
26375
43897
54438
24209
88755
71585
96602
49455
36009
91104
28499
44122
25170
84393
8628
50516
82339
92344
77990
98051
80017
87883
55068
47381
43609
62406
72688
9930
66778
58199
2699
85199
72635
85501
32428
60004
49658
84342
72072
30200
82195
59934
32631
46663
23641
35455
50076
92501
25804
96843
32674
80032
34462
84653
10182
57528
19733
19439
99752
83393
62449
15020
97132
38932
22542
71432
51005
13430
84068
93972
58633
79092
67800
28891
92242
61434
10829
99215
31572
43981
15379
24027
35576
52729
91399
96243
78930
7894
15462
3801
92189
18527
2630
15816
54161
62080
87298
12645
43980
4283
86276
39321
11957
47346
44039
19866
62272
13400
66426
40411
71826
29090
90630
96602
8254
70935
54538
72223
58486
85043
66850
72553
1395
20763
56869
35904
93597
48274
56638
45177
9775
71453
28588
95809
86632
2422
42186
75490
37823
8895
2018
69636
54766
38138
26652
82070
29974
21149
98333
80347
23330
59698
38217
21265
18695
11563
53156
49617
4899
8233
25101
73397
75578
26383
49578
19541
90087
38451
66700
95917
62436
61153
2788
6620
76118
94991
98791
94005
13265
57981
33710
43758
49642
63395
18191
90678
37651
90055
72177
16988
75425
59950
37292
54813
87595
3606
83157
41930
10287
62467
66436
19200
86665
15756
51246
1691
76180
75072
84508
70599
28180
69850
19459
35334
49492
65832
3262
14276
83934
47367
42948
12677
54255
82946
32955
72522
10530
96456
29290
54254
41561
11297
49971
47410
10
62552
17463
19176
82561
86101
80744
95462
51537
29175
70630
26389
35568
64511
23570
59841
49640
64666
18039
36041
79872
16645
9364
2920
53479
89462
52774
59804
38871
55212
87397
28623
58109
94807
95556
40399
62496
22418
4684
15920
36775
51484
73520
64189
93348
63853
58533
34974
87360
6718
27198
753
63157
21903
67984
7037
5412
13578
44051
32372
92678
58665
87177
83540
10079
49836
79527
17872
51246
10372
48693
34860
38929
2702
84303
22398
51121
12802
93705
821
43741
71163
61948
89325
87157
53768
53449
31948
27264
91062
77543
4030
23623
28584
43219
43721
1268
18789
50190
79615
22072
40898
72889
50574
96175
16028
71585
25804
28721
16485
20790
26870
50623
64298
89216
29442
96567
1299
36023
42064
33393
63027
9047
63186
67084
73905
62564
71963
52690
77034
79584
23423
80986
823
97540
86482
46303
19775
80725
20043
8533
9180
87702
16230
92610
97770
53570
12748
64689
3683
41223
69218
60771
69804
83830
41826
10175
3806
44373
14687
79548
65429
95731
41506
68227
8850
78211
53048
94248
96203
84977
89487
33536
26224
29824
97565
47942
80402
36789
51391
50310
89994
20201
33978
94296
64912
93457
39773
48785
39920
18815
87202
864
11937
9590
9028
4575
72418
32402
88694
8233
11076
2555
33156
9480
89104
2942
72042
76248
71611
76205
85750
54128
15772
77389
96584
35142
42722
18183
99587
30971
36456
31904
24832
62345
12793
17118
22732
92479
37974
73277
94341
4601
37296
47620
57922
60572
31669
60802
45760
49430
76265
61672
82451
4893
67689
49818
50296
28261
32160
10241
29843
32182
18830
31655
32572
96762
9901
4997
61646
62093
90250
69481
12263
58705
56270
73960
108
33045
68793
90478
4087
48259
99705
68271
33815
72779
1662
22029
34080
14187
71385
14478
83867
99391
65425
60625
98466
35846
74772
87085
26370
59941
73488
24199
34061
2621
84956
95228
67381
29206
44972
39593
29346
49304
8492
64201
94560
56844
41136
47671
55370
96267
16320
52
3800
54135
10522
48961
21720
38985
3359
39435
15097
28768
48729
94400
41069
23304
68197
83735
36635
56407
3664
46734
80318
42168
23099
53414
73305
12660
87629
97604
86850
70153
57878
33735
77103
84217
58996
10831
24134
1213
46885
23389
75028
42380
349
65390
48383
71858
58462
38639
65790
83020
35526
5901
48198
91893
98860
44057
84778
81599
53140
17319
55078
11434
30261
91952
10807
13563
87523
5391
75268
27176
53375
81022
70821
41035
69261
17858
91362
71498
45467
3053
67491
96854
46949
51560
66452
32597
26290
26444
87101
62794
76132
210
31349
8749
9878
57210
7557
71599
19086
16133
48975
40464
71971
26028
83466
629
32575
93033
57777
30766
51773
2692
62387
17642
75400
37136
74268
17954
58129
73162
93069
33455
63304
77993
25330
82476
45422
34059
78284
22100
59180
25973
95654
97168
16131
49570
28044
19942
91354
47302
13168
79090
80002
88750
15080
98604
39807
9894
66184
55709
93247
10590
87429
14067
81941
89242
29897
10971
29325
54509
2320
89238
43876
68355
23267
659
43103
51708
84178
7180
46927
20673
10325
78218
5686
86767
59626
97048
19144
19424
54642
32291
93379
10294
46784
60124
20744
29498
91327
14111
17659
96122
73814
58323
87340
23614
11356
9563
7549
83322
41273
99644
95043
19687
63289
58831
44928
64618
16679
91924
96086
67288
83381
67620
55451
94929
37106
72549
9970
92798
17564
48108
70580
58858
10373
1148
44244
46906
90682
54971
33923
47499
91493
14389
95857
66125
64015
79451
79160
97782
20913
16351
36607
16800
7185
58401
33468
87
14191
84467
27813
70061
86535
67814
88942
45540
37767
14802
48610
60469
61078
20983
95944
36183
64524
3971
93945
75394
6982
89515
9088
32881
23237
43894
55256
82701
30873
73935
30119
2151
47281
86945
95809
25048
63401
12168
63966
625
78899
43225
48377
8245
5545
23646
38650
52371
38391
81304
32026
97717
74065
47625
27477
80382
35910
49479
45766
47789
31976
5783
55048
52483
81738
63485
75071
3485
96041
39193
63303
21039
29239
4208
82544
98273
79176
28015
24417
43469
72198
16923
91675
13998
45124
83894
11826
41364
68079
93585
36156
84028
67014
44169
26031
49344
10652
28893
37835
64559
4962
18884
38431
50640
19132
16810
77782
97722
13052
65625
25538
97467
25458
51365
35283
19144
41077
91662
99252
10879
83440
81933
77143
2374
37431
28440
44302
27325
77395
78236
5843
76060
96586
4377
90488
61788
71850
36889
37339
41600
82304
62468
55060
28384
10986
69434
21799
94410
22301
57222
71898
21088
15506
77795
27579
29634
870
32227
24930
68542
58142
22326
95767
89311
52243
3401
72381
9571
48425
96954
48460
31253
82334
75115
86508
75235
10866
25915
38108
53897
36666
90867
27469
96491
6909
28199
70145
91839
11419
90262
25613
40130
93544
75517
64707
19621
63760
23225
55503
17959
89307
85181
18028
39384
27556
52892
16400
74690
42218
65782
39431
86290
45987
94895
6718
42499
32901
55124
79366
26072
75690
63672
63500
31156
19808
97608
75219
59195
17268
67046
85766
29160
69898
95380
31551
69275
27021
9331
94115
92261
33675
26553
40150
36102
46824
33407
9250
42038
29276
79466
4247
32567
46421
89619
29886
84378
12413
76075
86483
45705
63803
37899
79161
16675
28825
47729
57684
78946
26732
13102
54403
57927
69811
58425
87275
10878
50169
58298
28822
73083
62954
76887
2555
9344
35258
45974
67521
30428
18289
65108
97754
20885
66638
26266
94302
84357
5170
41356
9946
72863
11376
74165
80749
13372
88964
40673
62570
63557
54413
23583
16340
4654
6417
88281
24743
83833
61386
12298
29444
77716
58105
53521
28884
41873
57308
67573
71449
8002
87351
25926
77524
49012
39405
46603
26223
39379
88505
23270
35509
9477
51063
78119
49128
83804
91237
19040
91212
25279
36848
14072
79904
32844
40153
4316
59477
42520
21026
86112
93535
50509
86523
29299
36730
46232
51807
92448
74359
56561
87911
88107
56698
54677
43868
80024
7439
50501
89309
38203
62771
83352
45613
16120
69931
48175
66959
78485
61430
37087
32611
30547
34866
27836
91837
86999
38653
19463
10694
16571
92029
82074
79208
34704
31743
50807
13627
16205
15858
17633
83202
47338
75886
61072
82872
32758
93603
76280
80039
80416
66686
11062
23395
92981
49055
44845
67371
63064
65192
90010
61169
77739
71458
5761
31518
28861
63519
85613
87282
38194
3442
1466
21953
25478
85822
63159
80073
6636
27424
25473
85067
26325
34281
36664
74052
5165
96854
37581
96968
42864
88403
98319
72348
3000
44096
45513
3985
91766
73261
62235
85585
27060
47989
50759
26672
6692
99220
48970
66648
42480
7782
48021
65017
6238
74365
35463
14018
79321
47721
91949
31946
48069
49431
89698
14553
13089
83132
8700
12688
89419
44912
24862
24097
72152
3414
38908
6127
88441
19844
91017
29475
65834
16500
26683
84801
87480
76311
41262
76414
44353
13097
61434
86563
42927
87200
46513
16657
88351
75471
71535
88004
77244
10228
47513
88791
90526
24450
14636
16468
8082
93380
48499
6471
45574
46104
87602
41125
43217
62921
26818
75315
92066
79635
83210
12910
51800
91049
70012
25797
14507
51951
47195
27767
21976
81878
1513
9167
86874
64074
56191
5587
36496
38873
42818
90591
98187
7845
93381
98401
57319
36197
21103
62440
26731
82403
85108
1109
91908
81887
30641
268
99815
34853
6466
82442
30381
77470
28026
99295
62473
66320
35961
72787
70676
87400
97929
47073
978
90728
44357
99662
15877
67871
29372
50847
57026
87655
57992
30049
7766
21721
12561
93046
75192
74515
5566
80346
94217
67174
18113
11131
74803
95943
57297
71436
72710
18159
35916
67754
23436
98915
79718
81783
4599
95687
30444
84429
76250
70036
2797
63893
23383
3727
41767
42563
28030
51595
28505
77225
84415
26962
35291
62883
81774
26822
53790
39319
39643
74312
29651
70416
25793
38710
32953
33825
90288
66232
357
37754
19459
97597
6305
26633
32796
41304
85366
33912
71139
64179
82945
10198
28444
36363
24807
15350
31372
70576
21243
28858
8717
22164
92323
80556
7624
69842
13615
29358
43575
91344
43163
18695
18115
81396
77492
56760
89022
32498
46293
74998
44786
43823
15687
25184
84152
73263
22595
95541
85672
51263
46745
8971
88900
53691
18037
41143
60969
35546
66805
26745
54197
35712
31687
82178
65046
92329
56540
14360
24627
81167
59178
33874
87801
7478
76273
45580
35250
5136
32073
95341
46853
55456
91867
88343
76513
51150
67725
50057
43679
56593
15730
42440
43134
38820
23278
60541
86437
27787
59621
71775
61096
66345
58537
87130
83550
35630
62174
4536
71393
46586
56533
96965
16344
82790
1802
27184
69205
25473
89173
26989
20792
83531
96252
92575
71998
17212
32233
44074
90254
38959
83671
93751
87480
44526
87725
34152
14195
19097
62821
68297
62640
47826
64756
40230
64978
52253
49281
21705
50913
72831
37395
25511
9570
56576
81293
97358
32169
15334
56809
42675
43182
13777
52948
33339
7640
98000
23096
17909
48189
23509
22606
40054
62664
83534
51473
70980
13655
54053
18419
20997
79877
38935
20120
964
72247
65792
26031
85864
37476
20335
96285
39531
58611
56823
52568
90132
39722
27644
68576
55022
33486
31128
1251
47053
49135
75987
90775
92982
38923
89245
430
74031
56493
44381
127
68561
6215
34110
35761
84859
72837
52539
41754
63651
37371
37773
40845
25681
133
9414
16025
84589
3763
77390
57220
52251
65041
58729
42443
81897
33793
62562
84355
70296
27299
11633
48879
30650
40460
80799
38435
21269
503
22946
12748
20964
4973
73384
93904
6215
56395
99442
65710
33285
35108
26135
50679
73841
26745
8504
54363
65935
18929
31457
88067
58315
81949
41264
61355
66674
43363
50680
53648
96527
94583
34711
93593
40056
74701
86869
48591
71909
56916
81706
7732
27447
43572
99700
31952
92338
71152
7345
48284
96995
32033
54339
12089
5175
91656
61303
40962
11314
74553
33969
459
24028
11694
97306
45891
92170
28909
59221
59108
72875
75819
30800
72132
54136
73829
65522
64181
5204
69926
65932
74093
33647
75333
21167
16582
64005
56675
11734
15803
53706
8662
98871
12893
54914
25320
83470
73839
67601
18706
97877
12735
86132
47001
80521
67036
56044
68605
41192
93221
93640
98261
60550
19511
81795
88138
6686
97241
10203
19014
67001
51735
12996
10729
82853
11141
69459
83766
50036
91297
36765
30496
45767
59878
7061
17767
90041
1298
35241
41242
45157
47700
41817
17855
94938
40391
7642
24367
56955
98126
3391
64696
21124
12916
39688
10573
25055
41693
25919
97176
2063
3088
56582
75838
76178
81516
19903
862
52654
75347
60282
77193
31298
32505
29568
84956
19509
59982
73707
64614
68332
94931
66425
32428
72831
38322
79690
68365
82218
66612
30366
9321
1344
45124
7019
29666
4641
62225
37466
77012
61531
99133
20258
24922
55284
66811
26535
83258
66434
87903
18442
47633
53227
3071
66837
84923
33200
18970
20830
23363
12973
70404
69558
24880
45411
99716
23684
79353
3877
50336
82084
68535
38996
95126
72305
7340
54846
14538
3683
85286
8374
67675
58756
93279
90924
12663
17445
93488
81999
23065
83666
29087
27412
38102
6963
13321
67888
8332
76960
42308
76720
81193
71660
17299
81279
61186
38272
49502
35377
87553
51811
47332
34698
46292
3333
68917
26328
15410
75110
64656
9760
72384
46540
50328
10619
21379
20378
49249
97596
59512
14365
29533
37548
82549
77167
95812
79168
77948
21414
14980
31668
97168
88142
8719
13202
14877
45480
41622
90000
54825
53909
75553
22073
81400
99516
47945
29134
6280
18841
26792
3280
76381
86395
36400
32116
25803
61647
22403
57861
68987
18694
62985
11808
30553
52313
36547
95152
26
52764
28187
55602
46848
10712
91353
66895
99350
76542
80919
18528
38965
92981
15627
34798
42732
93201
86550
62911
32975
92967
70746
3627
46476
9459
96772
64434
78099
62722
85241
95479
91292
78528
87667
53417
11897
40368
45354
27309
60675
45243
89272
64638
73471
70443
4688
66903
74650
29427
14003
9527
85716
68550
44143
55474
56259
58848
61717
24066
85988
4748
85188
37184
92968
26370
13730
44850
85355
88770
20526
93167
81765
75232
43934
58440
12169
15415
88828
86401
12489
75095
9172
11378
41885
99672
52700
95955
42833
87513
50091
62278
17982
49943
68180
87406
5957
3940
51652
48086
30699
75695
66393
54756
31546
77725
79283
85746
54882
87613
76860
65634
71091
23064
47478
87124
68621
70041
31438
52346
89708
58909
2405
3097
96481
31764
74990
18955
49891
59193
11659
20638
57185
92501
74527
70335
78520
39886
69853
3931
71617
89679
18570
4189
12342
44103
87761
71876
82377
64780
55873
89301
5998
18679
63086
19899
79309
41911
76181
24513
81083
84495
75351
45295
1798
67786
55703
21732
45968
49552
50382
73288
42773
20220
69434
14044
69396
45814
34604
98628
69568
70118
25671
32502
4260
57727
37798
56387
61898
25051
69409
44897
40331
99011
2410
70677
63750
71203
16188
13882
18225
57755
486
83374
28934
19975
38209
17803
68929
83289
1923
66759
31101
13125
98548
39786
45928
58469
96714
78470
94519
44092
91614
50117
70082
79540
47455
63135
34771
71762
57806
68313
3465
78404
98099
23320
2216
98129
83245
84973
72340
73989
18061
34808
60045
64712
73694
79102
4410
82214
53490
54377
12417
75906
37343
24074
33807
9201
41088
36081
81150
91363
22653
54105
82766
73794
51509
55447
40698
23874
78860
58531
44313
28429
97505
49028
14223
16468
76220
95957
9969
65150
15864
97799
80224
7285
37962
63224
62708
23033
20948
84367
54899
90100
52967
98205
46643
40131
71148
16541
98065
84109
83136
95464
78792
64322
18249
53491
75841
38483
60043
36283
7894
54516
94592
63911
35651
26611
41605
39929
77228
42290
44383
99947
65901
14929
93016
6739
73312
62422
14298
76547
86498
50875
11866
25181
84556
80519
90536
67474
7276
67666
11066
80857
30260
52474
43897
76446
86756
60729
83947
98263
91780
14699
97649
82253
52273
10809
95170
11215
78472
96324
46463
67115
38284
53987
7407
42243
39297
34805
82555
13538
91280
44049
20337
12854
10600
91809
3210
96453
98225
56392
56960
83483
8764
27064
10531
93268
98363
42262
4982
82994
91056
31726
36297
16646
72394
87103
97433
45910
40811
13145
73356
19759
70349
55096
85708
57588
64485
23316
24869
42642
50892
94668
86231
27819
81938
53950
83342
61488
9887
24749
35656
83450
99425
4992
61654
68779
93952
3898
45450
38093
32098
81165
93950
65323
92755
98195
47429
14336
35609
913
87056
1754
56517
80287
57250
13353
48981
30511
40852
34376
24134
11085
37561
16994
95842
62993
40458
19325
38625
60275
35334
88976
17595
94462
84577
60667
92363
2310
11330
19161
76263
20496
72635
29620
59431
61643
70274
59678
84036
71950
21887
85992
82778
7080
64103
19788
90236
34267
8010
44113
60480
62185
86683
3805
23107
85364
99283
40545
87247
52226
35428
46329
26212
30754
34797
14770
22908
43361
70457
19818
23975
85607
25110
11939
65980
65676
69080
23508
60347
21635
14359
41023
94889
20711
82652
63798
71564
91618
70930
3334
28965
65938
43471
82693
5171
73326
83576
11551
13313
54261
69194
69285
10942
35570
9938
9453
67050
68303
53765
47549
70670
77766
9635
40954
25876
77467
59338
29639
56684
77680
58974
34056
57563
72385
66499
58337
38875
76280
8772
66216
23595
95243
60197
4220
66856
74052
61968
20130
44737
13467
39505
75129
7824
49925
77973
5854
15413
17715
81183
17489
42720
7551
62671
10766
54390
26537
55443
54760
34461
67569
79661
27784
64375
29522
58086
25048
95455
52454
91685
49094
17382
23390
87960
34769
9460
59729
93981
55629
91800
29400
74891
43304
3011
70241
27940
43853
86095
81959
94399
41821
31498
95469
47377
8860
55250
96603
37041
19536
81415
89150
69232
35501
57901
42691
60461
77191
1827
84392
61202
24301
51445
58332
28943
65040
23749
47313
6874
60066
36502
98593
55211
21844
75657
23544
62647
93438
90016
54611
98267
49944
7118
94558
6278
74795
81929
10179
65038
70646
53713
43723
3806
77034
35709
79563
83758
17671
72404
1340
61803
67048
16751
95171
46205
44587
63109
4005
83888
34289
25834
68877
18829
93622
43660
31173
37078
48764
90886
78560
65894
89912
61215
5494
17402
35022
33771
12355
54514
84794
34645
84864
24959
53910
54100
90783
29161
36873
60470
24220
37234
15980
49695
60865
1066
59556
70371
40948
7239
74487
383
20565
89422
23043
19582
80875
64054
46276
40110
34667
50834
32791
90542
14784
66850
67932
74448
20747
21546
5379
48007
41755
10145
32756
82154
74180
88344
78293
11798
66781
6156
90743
38564
14980
69884
90067
25474
4264
96531
16428
56340
77457
63352
3071
33546
15704
10201
81701
77261
44220
78252
25021
6042
18631
76874
21250
15363
74844
98637
39356
79361
45106
14404
18774
50488
96705
41267
98220
81999
49844
19974
71401
51587
87948
22392
52813
35208
9361
3441
87635
91920
7911
50024
35525
55275
37595
45211
57081
25081
84829
17404
26992
31697
51774
48281
14889
62561
11154
83604
15731
14061
8747
49643
43446
94916
13962
80164
76950
21235
85890
94791
21994
1809
23395
98024
54906
57436
96119
36701
48140
80347
6715
20739
50254
95953
45136
69176
27827
20257
39546
11560
46469
38444
12972
9836
76960
95129
79394
8141
22750
70376
37574
51942
44854
18373
76387
52883
14664
22235
83953
62367
17178
24809
97753
60702
91806
54135
68965
83997
27965
26629
22325
16458
4154
87002
50011
34421
98284
98516
9313
39400
2781
97417
46133
27566
81855
53756
82928
6602
95743
85524
31464
91361
78537
47674
78980
73490
49410
51571
62260
77864
12579
58478
7491
81571
14009
44866
24303
13372
27738
85648
51629
65933
19820
21794
4706
11732
54804
95623
99623
14918
14684
35092
90579
17759
7805
35252
37429
48182
75356
85242
30992
51169
788
64415
32319
75844
62327
44967
80697
97362
13399
77789
18635
50145
5135
90056
26199
64722
4867
16892
73904
4905
53769
99653
97736
44821
61358
71782
56124
5022
5034
29318
82432
13227
6714
47954
67563
95101
74687
9206
31608
23578
86848
63428
57490
42624
89992
32278
81504
79301
4351
60953
44050
41719
56152
58590
20490
56799
16045
83365
15847
49318
15261
86987
14287
81752
38342
99973
3357
73754
59507
49565
35595
28503
43390
13410
80804
61493
90840
47724
5678
82360
46282
80031
19304
67937
33285
58279
85506
48553
70942
25339
56961
66462
21967
85740
89716
52175
77973
30817
2189
38347
50699
70195
65666
76735
8864
78798
41880
62437
39797
36818
50328
45955
41237
61938
91770
42708
93846
28516
56222
36443
11576
76596
78431
86968
3504
89795
14571
68680
18449
89100
4801
11738
79142
46299
23317
66314
25827
25934
89782
42127
93482
55177
28580
27957
49909
98081
43475
90122
48683
76286
90464
14287
84650
80001
77593
86402
12574
76461
35248
41006
7355
40373
61245
46587
61820
9754
24924
75435
34507
72492
94208
48103
10552
18349
25002
10865
60801
3543
40745
3220
36624
48285
48974
41770
88837
67640
60844
83143
36770
56593
85664
95526
29982
21642
58342
84886
66527
86046
80374
97686
55617
27749
41536
9164
83386
65262
57557
30180
57089
69727
64653
81888
52467
7153
79735
37920
80829
27949
78669
10127
77980
91938
22676
1464
93497
23266
58933
57892
39975
4604
72884
87751
92196
14410
77597
27937
81436
58513
50609
95346
82861
89577
80604
15979
42637
12998
67061
54603
84842
70915
5581
9531
96921
60129
41889
10129
19313
14894
87220
98605
14866
58900
24853
61376
26051
31490
77767
38340
19256
64309
4288
93160
47072
53342
69161
75999
65110
49375
5053
81998
92561
58994
57866
10784
71978
84102
43500
15632
26990
83962
34164
91808
64437
24640
42030
14924
9583
14545
58906
56583
89542
66702
67743
55377
76509
86259
34763
16150
43635
34991
25474
86087
43839
82930
50806
94187
74297
13830
97881
9991
78624
93793
8810
20848
69771
86488
28123
77444
1859
49581
91559
83106
71834
58651
61483
1960
18954
28836
1162
16324
82007
10161
21113
78178
65193
63242
58583
67449
20956
16487
59576
98376
11364
86737
35458
57506
35516
85363
99573
82628
64334
78444
38122
81293
29171
72411
19719
78860
67092
1971
95070
99896
73950
36726
86553
53503
92475
14175
72241
30534
3864
90250
46809
94908
83610
90033
78465
27838
65988
77056
47451
36191
39858
44602
49073
52094
53054
47197
28904
45587
89620
71077
8755
88312
45646
53250
10976
