29036
29921
90843
928
98029
44642
52874
99618
27157
24786
55550
78238
6843
12004
34643
31505
60280
87355
96871
4975
8026
20236
47217
24410
71900
9656
45577
8566
37155
46028
57335
3217
33987
66055
2163
85924
66420
44176
24480
41979
30741
72670
74016
46431
16732
36643
4079
88085
33371
64437
62867
83920
76656
81989
73365
52966
32189
62949
54379
61556
45927
43616
49946
1440
85767
98145
59890
98185
79600
26529
84024
64865
7222
1620
20240
28484
72583
42265
81902
50260
79585
66004
93276
91615
18248
45889
35280
82928
72096
24494
86967
38004
30428
38541
34552
47181
98775
61207
48260
90779
