5305
85661
88367
12631
38468
2114
36643
42046
69708
52479
39075
1997
8585
48585
27473
43029
3390
74805
35958
36049
51758
80218
709
103
63620
89234
71305
34852
58639
22530
79950
17379
71238
58327
53753
36913
36758
54781
77850
88726
25049
28307
42042
77748
56134
21533
70346
97004
69692
85191
42223
6072
40385
77580
13502
64911
94420
12341
89050
41108
39577
6043
96668
79804
45921
98546
26574
44735
20366
50747
45236
99335
30643
21883
87220
24059
13350
49082
61305
55030
11769
86984
37772
3467
7526
83392
55969
74085
52006
39180
2884
43943
28939
555
66960
83035
77191
10883
54944
79182
18841
47990
25754
75254
43390
96834
37289
94234
2712
21789
40116
13790
7360
61443
28710
29904
6134
39146
43324
98171
38401
24552
13395
99216
69561
70927
11597
96200
26261
28837
96416
25971
66064
64121
99871
46427
92931
73431
73753
53673
28225
39147
4511
11387
64039
1216
30607
66362
52234
28139
47981
86875
12028
96697
41674
87819
73475
77325
93754
18682
65506
18563
85678
25741
48070
75530
49876
76130
28848
65385
69699
90521
49994
78119
28659
50160
48901
1943
13274
40211
80622
57846
4176
41556
55041
14981
81748
73964
96696
60815
24751
67600
97668
626
24468
5292
21876
78795
71564
77703
86768
42472
38400
97395
5674
84663
15425
68340
66721
44325
50091
82613
84519
96751
19312
82388
97003
79672
91682
92503
12670
94755
49581
79047
67131
54401
84858
80148
40296
43414
40189
97194
93498
62413
77014
96914
61834
88443
61362
47133
35951
91586
88046
19823
68973
61093
63750
34097
92493
18241
60832
62058
54046
33571
19191
44945
77751
3069
15042
4281
62445
64474
59627
76077
16088
50332
14441
84999
69627
12839
3642
70892
65671
91939
29828
87361
10038
72080
65451
8647
62725
5692
29835
56807
76323
45339
29423
92255
18799
71216
32877
31240
90707
1574
94768
95926
23831
12538
59082
63909
22133
61815
12747
64566
36739
77955
5191
14573
22518
31443
23752
5269
80009
87801
46005
31107
96991
13477
44090
82355
81042
70303
47712
73629
88481
75105
81136
55751
14978
20268
18031
91696
80641
50489
17228
97925
99065
29790
97535
55175
68761
94756
86352
77246
64551
56598
64354
351
47599
86896
66074
11071
48781
35167
48942
67153
84922
83033
45301
61928
56336
92566
6227
58621
5200
92941
32867
44244
37385
7801
57998
64758
47227
72674
62188
16451
1680
97999
33107
36804
88319
39
53409
65089
13556
20283
78230
84706
84558
28070
55234
93697
76501
21265
92029
89464
3886
66038
73174
81890
61556
19236
71496
79002
29733
89656
51522
6803
89084
64499
75824
55705
23921
63336
39083
9350
10619
9244
56741
30165
86328
47270
27685
28311
2436
88119
30733
66722
54926
6820
38960
9984
72578
17567
60579
60670
43722
63183
91394
80022
85366
14564
99193
59241
35935
166
47914
47485
27322
14028
41851
56939
88599
58719
84780
57468
6205
50766
72794
30991
44383
81007
5075
8680
48429
67176
14359
38026
97863
54277
17438
50309
68746
87555
60580
70813
63960
34246
91154
82850
89560
62001
92985
98916
89648
652
73912
85267
34568
76528
26293
954
15284
60461
12336
54581
3280
5219
84627
22862
73903
52249
52994
88512
89710
24065
55709
78422
54223
91443
38155
69528
66397
36131
71423
2586
85595
63328
33093
908
34262
44822
22248
74271
58951
99695
77
4074
50321
57906
45122
23529
839
82637
73001
50816
58150
55880
41902
98564
70492
72818
82058
83423
57419
94667
46004
5199
7583
76526
13142
64791
59043
86046
2222
90429
16356
29926
2953
40504
15419
83258
8420
99934
63162
81426
54163
48906
95616
41144
47410
39415
25210
81220
13270
36412
73231
32003
31946
9145
58376
42773
28262
20149
33522
29212
90896
42800
85660
67455
50116
66387
63713
15635
89170
35959
96546
53933
92837
39141
50505
94298
62666
78070
14790
6303
86009
63239
55236
95837
4705
87344
26553
15420
9349
22743
18473
3549
42303
27666
92678
49375
73524
87140
15780
45879
83527
9450
31763
82611
85667
3353
33601
29153
76252
60923
3749
83694
95019
75616
61646
21704
96396
66535
95756
53044
84219
32437
5345
82622
40187
4574
93696
75806
36302
66600
49223
69574
40289
89883
58999
97394
33215
25064
79398
60142
53941
25902
73315
85418
63091
56649
55851
84993
33953
70405
77971
47146
87449
65282
34251
39606
8343
22872
7862
42629
41166
27531
1315
9675
72708
89431
19874
67922
12675
39348
35531
82104
20863
13338
839
37284
54948
23756
37859
62369
1530
57984
58220
41488
43116
3215
12724
27399
28983
57461
95571
97994
29112
11376
67647
35925
91632
61756
96093
81025
80901
48068
96829
86296
73858
73157
20722
90352
21715
50711
41174
20686
11688
80596
69966
34805
89860
94339
71291
41255
72656
6385
12540
13628
39974
37671
21809
54372
89963
62562
56812
89535
30831
60364
62715
45798
76860
35343
10863
51723
84376
15608
34162
47680
90033
80934
86141
88237
63151
71357
77813
26229
68420
19035
84971
17784
52911
42379
47798
1744
64468
83431
32254
39944
35070
71554
58816
73056
92556
99257
86649
61173
80190
31802
42395
90499
6900
67516
1735
32781
4802
44477
99503
81287
84850
18052
95470
20063
60887
8209
29125
21589
69349
21934
27297
34212
57598
61438
12003
86812
9942
88465
50823
70817
47005
5123
86750
16622
12217
6684
88707
38801
56122
30761
98137
71049
69544
25666
74933
7532
90069
29138
69523
62953
23049
78599
38298
96505
52621
5095
81510
83442
6356
5788
4984
21777
51022
64823
71041
17832
17579
23889
85699
85623
28854
13690
80662
26877
21508
56284
96933
1756
72877
66169
54657
8498
39272
8253
39354
5752
7113
60769
21159
63465
29482
15745
98796
99633
8652
26922
49143
43655
6007
20605
3872
59036
89677
57030
99257
15377
8283
23998
40392
87335
58436
29996
48836
31501
47345
66247
44023
62911
69941
57487
8909
89608
65005
59657
15753
73097
26842
22230
7884
96206
8670
2366
73067
72301
90899
15876
96913
19737
36461
81978
21840
33367
50410
79615
61006
96703
88377
24132
94921
6917
72687
40776
76654
44983
40358
4071
38366
31416
74800
6953
1616
78731
43922
83328
76459
51185
4574
99785
16154
33262
8334
63671
70376
44626
2737
69978
85276
63289
40856
5454
79590
21292
4953
84436
46
96677
15220
58602
30300
50275
53106
51591
51824
59376
13364
38611
74230
15311
77244
33665
